1000_3995
1 862
1 61
1 905
1 30
2 476
2 81
2 654
2 520
3 700
3 693
3 324
3 892
4 690
4 630
4 317
4 526
5 464
5 806
5 970
5 518
6 852
6 262
6 150
6 400
7 753
7 270
7 517
7 985
8 597
8 501
8 956
8 52
9 177
9 459
9 347
9 966
10 812
10 299
10 589
10 798
11 736
11 580
11 270
11 365
12 849
12 440
12 938
12 54
13 472
13 251
13 145
13 855
14 425
14 10
14 739
14 951
15 887
15 859
15 920
15 332
16 520
16 90
16 735
16 575
17 39
17 109
17 882
17 964
18 400
18 729
18 942
18 87
19 186
19 398
19 377
19 791
20 711
20 660
20 352
20 438
21 778
21 238
21 575
21 552
22 837
22 980
22 649
22 2
23 286
23 637
23 818
23 311
24 219
24 841
24 162
24 693
25 610
25 957
25 55
25 708
26 39
26 651
26 21
26 495
27 111
27 802
27 295
27 153
28 72
28 536
28 459
28 466
29 866
29 794
29 517
29 501
30 929
30 390
30 746
30 902
31 76
31 767
31 164
31 980
32 833
32 500
32 832
32 164
33 516
33 180
33 892
33 152
34 375
34 800
34 710
34 322
35 867
35 366
35 133
35 749
36 202
36 378
36 784
36 167
37 551
37 230
37 482
37 962
38 974
38 968
38 379
38 428
39 500
39 470
39 871
39 204
40 159
40 366
40 309
40 780
41 402
41 920
41 265
41 627
42 728
42 581
42 813
42 711
43 249
43 737
43 655
43 95
44 642
44 104
44 785
44 511
45 991
45 930
45 910
45 638
46 347
46 238
46 943
46 519
47 466
47 393
47 527
47 934
48 128
48 236
48 148
48 368
49 943
49 865
49 477
49 221
50 322
50 373
50 311
50 577
51 519
51 333
51 773
51 506
52 670
52 351
52 592
52 427
53 33
53 448
53 876
53 986
54 611
54 820
54 140
54 386
55 664
55 716
55 276
55 89
56 151
56 572
56 543
56 355
57 872
57 601
57 632
57 433
58 390
58 971
58 963
58 271
59 801
59 246
59 553
59 873
60 167
60 521
60 285
60 821
61 238
61 564
61 430
61 82
62 311
62 827
62 55
62 231
63 857
63 255
63 253
63 60
64 770
64 689
64 251
64 963
65 320
65 50
65 119
65 576
66 326
66 793
66 498
66 607
67 909
67 238
67 733
67 321
68 89
68 609
68 111
68 725
69 58
69 849
69 413
69 772
70 679
70 176
70 939
70 616
71 901
71 815
71 611
71 384
72 492
72 69
72 712
72 683
73 174
73 297
73 229
73 378
74 554
74 533
74 762
74 160
75 371
75 262
75 889
75 658
76 23
76 180
76 6
76 446
77 273
77 996
77 8
77 539
78 434
78 756
78 285
78 494
79 263
79 110
79 761
79 676
80 119
80 190
80 430
80 705
81 149
81 763
81 663
81 63
82 144
82 416
82 590
82 330
83 519
83 603
83 847
83 153
84 744
84 728
84 556
84 321
85 854
85 304
85 741
85 34
86 16
86 519
86 924
86 659
87 523
87 736
87 670
87 822
88 542
88 121
88 543
88 585
89 578
89 132
89 186
89 730
90 279
90 348
90 914
90 498
91 841
91 400
91 134
91 997
92 638
92 913
92 256
92 291
93 989
93 4
93 536
93 415
94 570
94 697
94 454
94 931
95 198
95 597
95 412
95 584
96 276
96 196
96 807
96 393
97 357
97 334
97 553
97 123
98 614
98 744
98 362
98 546
99 511
99 517
99 544
99 166
100 899
101 624
101 884
101 482
101 218
102 703
102 398
102 593
102 786
103 305
103 706
103 336
103 705
104 43
104 508
104 332
104 879
105 757
105 602
105 527
105 68
106 253
106 64
106 446
106 547
107 595
107 151
107 544
107 958
108 289
108 871
108 19
108 946
109 222
109 354
109 753
109 247
110 962
110 515
110 794
110 420
111 433
111 309
111 276
111 539
112 581
112 468
112 711
112 226
113 431
113 124
113 834
113 570
114 555
114 819
114 104
114 326
115 76
115 146
115 757
115 668
116 480
116 827
116 34
116 65
117 121
117 512
117 916
117 976
118 926
118 513
118 807
118 200
119 224
119 572
119 789
119 34
120 447
120 390
120 855
120 237
121 83
121 738
121 59
121 284
122 12
122 922
122 491
122 912
123 461
123 584
123 863
123 284
124 406
124 994
124 814
124 533
125 796
125 942
125 484
125 713
126 57
126 249
126 876
126 19
127 178
127 292
127 736
127 984
128 740
128 559
128 881
128 99
129 163
129 664
129 120
129 820
130 557
130 821
130 869
130 212
131 363
131 373
131 98
131 341
132 688
132 346
132 168
132 981
133 389
133 846
133 645
133 848
134 237
134 387
134 971
134 85
135 534
135 957
135 676
135 47
136 603
136 410
136 858
136 957
137 128
137 968
137 537
137 245
138 885
138 460
138 952
138 382
139 620
139 267
139 814
139 793
140 86
140 365
140 645
140 653
141 336
141 389
141 380
141 364
142 380
142 95
142 62
142 540
143 997
143 486
143 444
143 5
144 396
144 885
144 425
144 307
145 256
145 431
145 949
145 722
146 885
146 760
146 450
146 457
147 49
147 100
147 563
147 750
148 800
148 675
148 954
148 913
149 974
149 842
149 896
149 616
150 485
150 969
150 173
150 750
151 304
151 817
151 145
151 717
152 426
152 311
152 529
152 635
153 573
153 195
153 438
153 610
154 496
154 143
154 38
154 104
155 87
155 755
155 588
155 472
156 980
156 905
156 368
156 221
157 450
157 452
157 835
157 480
158 137
158 500
158 861
158 23
159 392
159 838
159 236
159 575
160 605
160 648
160 881
160 378
161 150
161 495
161 179
161 735
162 872
162 140
162 804
162 709
163 777
163 301
163 255
163 108
164 596
164 413
164 429
164 573
165 269
165 184
165 991
165 17
166 360
166 949
166 421
166 870
167 720
167 11
167 112
167 926
168 698
168 975
168 295
168 506
169 814
169 338
169 227
169 418
170 587
170 667
170 869
170 908
171 718
171 353
171 687
171 511
172 205
172 72
172 263
172 933
173 833
173 940
173 80
173 36
174 471
174 258
174 812
174 820
175 759
175 442
175 867
175 491
176 869
176 990
176 639
176 582
177 935
177 91
177 841
177 191
178 542
178 510
178 7
178 291
179 80
179 371
179 137
179 424
180 543
180 251
180 899
180 512
181 455
181 295
181 505
181 583
182 442
182 235
182 213
182 942
183 36
183 659
183 220
183 331
184 756
184 676
184 646
184 55
185 524
185 390
185 181
185 257
186 301
186 432
186 630
186 916
187 845
187 498
187 372
187 915
188 290
188 339
188 903
188 311
189 297
189 732
189 601
189 731
190 931
190 929
190 410
190 809
191 368
191 89
191 75
191 370
192 873
192 702
192 32
192 977
193 621
193 669
193 126
193 251
194 446
194 630
194 428
194 25
195 140
195 112
195 643
195 146
196 62
196 979
196 692
196 948
197 882
197 235
197 253
197 789
198 310
198 832
198 150
198 546
199 239
199 190
199 217
199 421
200 127
201 419
201 974
201 507
201 959
202 251
202 592
202 636
202 544
203 326
203 429
203 710
203 711
204 312
204 506
204 714
204 813
205 170
205 127
205 425
205 158
206 741
206 66
206 228
206 335
207 281
207 608
207 381
207 812
208 609
208 737
208 147
208 859
209 736
209 847
209 936
209 726
210 260
210 202
210 298
210 398
211 245
211 803
211 243
211 421
212 610
212 407
212 233
212 996
213 784
213 830
213 130
213 288
214 383
214 763
214 326
214 441
215 405
215 530
215 669
215 738
216 951
216 961
216 864
216 206
217 269
217 148
217 654
217 459
218 676
218 499
218 27
218 165
219 850
219 494
219 943
219 247
220 701
220 53
220 407
220 148
221 457
221 736
221 955
221 186
222 205
222 579
222 727
222 873
223 606
223 675
223 567
223 59
224 231
224 707
224 167
224 445
225 560
225 559
225 955
225 806
226 309
226 216
226 574
226 514
227 373
227 287
227 533
227 90
228 389
228 528
228 721
228 734
229 102
229 656
229 716
229 419
230 375
230 110
230 713
230 85
231 689
231 798
231 390
231 968
232 142
232 966
232 387
232 450
233 65
233 861
233 943
233 126
234 814
234 373
234 19
234 254
235 661
235 33
235 788
235 149
236 715
236 591
236 202
236 485
237 308
237 779
237 580
237 274
238 53
238 948
238 8
238 298
239 293
239 399
239 432
239 114
240 110
240 212
240 261
240 982
241 899
241 983
241 415
241 871
242 377
242 374
242 11
242 254
243 258
243 175
243 196
243 673
244 78
244 999
244 94
244 689
245 244
245 168
245 801
245 319
246 275
246 804
246 632
246 539
247 324
247 250
247 239
247 1
248 717
248 714
248 733
248 542
249 536
249 936
249 447
249 630
250 456
250 127
250 536
250 309
251 691
251 270
251 972
251 525
252 178
252 493
252 475
252 562
253 181
253 443
253 771
253 334
254 116
254 719
254 950
254 532
255 134
255 615
255 887
255 987
256 526
256 39
256 693
256 172
257 385
257 955
257 798
257 209
258 685
258 738
258 240
258 851
259 139
259 630
259 763
259 338
260 895
260 234
260 323
260 490
261 141
261 462
261 660
261 777
262 622
262 28
262 822
262 865
263 338
263 841
263 587
263 54
264 621
264 551
264 467
264 396
265 201
265 29
265 328
265 503
266 909
266 634
266 643
266 567
267 430
267 414
267 516
267 343
268 242
268 237
268 647
268 375
269 791
269 532
269 973
269 541
270 274
270 410
270 314
270 726
271 891
271 177
271 903
271 193
272 325
272 277
272 347
272 123
273 863
273 962
273 283
273 547
274 235
274 542
274 67
274 589
275 725
275 101
275 748
275 629
276 617
276 948
276 957
276 291
277 828
277 825
277 32
277 491
278 648
278 603
278 193
278 11
279 391
279 394
279 148
279 66
280 754
280 831
280 811
280 520
281 444
281 696
281 48
281 440
282 499
282 7
282 328
282 115
283 460
283 957
283 533
283 689
284 958
284 193
284 857
284 266
285 197
285 367
285 342
285 598
286 118
286 135
286 71
286 836
287 962
287 529
287 143
287 203
288 868
288 173
288 898
288 250
289 824
289 366
289 798
289 788
290 874
290 822
290 998
290 245
291 43
291 201
291 215
291 899
292 695
292 852
292 755
292 215
293 84
293 927
293 626
293 670
294 636
294 807
294 425
294 216
295 742
295 541
295 384
295 686
296 25
296 108
296 743
296 717
297 729
297 49
297 413
297 854
298 29
298 627
298 140
298 496
299 80
299 721
299 350
299 696
300 911
300 681
300 248
300 537
301 709
301 944
301 612
301 112
302 381
302 960
302 584
302 192
303 153
303 840
303 930
303 603
304 296
304 926
304 594
304 770
305 679
305 406
305 490
305 870
306 187
306 768
306 386
306 112
307 901
307 911
307 862
307 100
308 703
308 468
308 695
308 36
309 823
309 676
309 931
309 216
310 1000
310 37
310 999
310 100
311 259
311 627
311 886
311 363
312 185
312 510
312 270
312 884
313 700
313 886
313 308
313 592
314 334
314 377
314 436
314 554
315 313
315 358
315 755
315 601
316 590
316 156
316 899
316 69
317 487
317 661
317 707
317 530
318 216
318 249
318 155
318 854
319 796
319 346
319 837
319 138
320 881
320 528
320 386
320 720
321 380
321 77
321 526
321 544
322 596
322 306
322 532
322 990
323 999
323 704
323 74
323 27
324 733
324 604
324 279
324 149
325 267
325 41
325 49
325 32
326 124
326 977
326 889
326 632
327 324
327 537
327 895
327 847
328 575
328 978
328 893
328 260
329 758
329 925
329 805
329 606
330 781
330 388
330 207
330 803
331 441
331 573
331 457
331 40
332 122
332 733
332 83
332 848
333 348
333 993
333 248
333 623
334 166
334 654
334 100
334 357
335 413
335 611
335 952
335 297
336 952
336 562
336 310
336 729
337 68
337 43
337 933
337 979
338 982
338 317
338 815
338 474
339 921
339 773
339 536
339 932
340 756
340 575
340 280
340 854
341 17
341 794
341 146
341 463
342 419
342 786
342 879
342 174
343 119
343 136
343 976
343 379
344 960
344 837
344 706
344 666
345 404
345 396
345 955
345 484
346 7
346 972
346 822
346 87
347 585
347 753
347 281
347 969
348 992
348 18
348 528
348 272
349 432
349 59
349 228
349 855
350 953
350 233
350 750
350 752
351 376
351 644
351 265
351 251
352 449
352 325
352 131
352 764
353 66
353 576
353 817
353 18
354 989
354 7
354 466
354 37
355 658
355 263
355 996
355 581
356 332
356 80
356 974
356 994
357 604
357 233
357 832
357 114
358 551
358 217
358 821
358 790
359 635
359 455
359 766
359 472
360 109
360 487
360 155
360 91
361 747
361 213
361 120
361 309
362 997
362 939
362 231
362 60
363 958
363 739
363 401
363 896
364 795
364 955
364 12
364 322
365 514
365 608
365 362
365 683
366 883
366 829
366 136
366 803
367 985
367 208
367 504
367 907
368 342
368 971
368 82
368 327
369 52
369 682
369 257
369 694
370 222
370 837
370 587
370 228
371 319
371 565
371 895
371 331
372 745
372 302
372 184
372 410
373 546
373 318
373 96
373 237
374 398
374 682
374 825
374 468
375 7
375 221
375 146
375 624
376 548
376 654
376 77
376 254
377 495
377 106
377 454
377 208
378 842
378 961
378 9
378 493
379 400
379 486
379 236
379 843
380 878
380 638
380 407
380 762
381 424
381 763
381 686
381 114
382 566
382 898
382 648
382 247
383 334
383 272
383 458
383 475
384 691
384 872
384 76
384 181
385 177
385 359
385 175
385 116
386 706
386 205
386 423
386 684
387 117
387 5
387 316
387 273
388 56
388 161
388 840
388 281
389 985
389 689
389 722
389 101
390 408
390 492
390 239
390 74
391 199
391 764
391 585
391 644
392 240
392 96
392 687
392 409
393 524
393 996
393 258
393 597
394 384
394 516
394 791
394 591
395 411
395 741
395 196
395 746
396 639
396 300
396 174
396 218
397 432
397 483
397 748
397 665
398 501
398 158
398 266
398 877
399 157
399 247
399 369
399 922
400 407
400 963
400 951
400 107
401 56
401 668
401 235
401 340
402 650
402 403
402 170
402 114
403 969
403 86
403 578
403 349
404 71
404 315
404 296
404 358
405 524
405 906
405 547
405 889
406 571
406 288
406 530
406 809
407 680
407 354
407 978
407 746
408 133
408 713
408 672
408 149
409 736
409 757
409 444
409 719
410 128
410 974
410 621
410 845
411 392
411 835
411 874
411 72
412 737
412 684
412 669
412 407
413 332
413 31
413 125
413 95
414 207
414 165
414 515
414 671
415 965
415 150
415 260
415 924
416 30
416 156
416 874
416 1
417 578
417 184
417 325
417 5
418 213
418 416
418 638
418 11
419 69
419 923
419 433
419 593
420 135
420 203
420 195
420 292
421 470
421 588
421 225
421 269
422 365
422 345
422 421
422 303
423 295
423 243
423 798
423 116
424 803
424 990
424 686
424 971
425 636
425 541
425 768
425 874
426 939
426 674
426 683
426 421
427 405
427 866
427 199
427 269
428 877
428 73
428 295
428 497
429 855
429 520
429 973
429 290
430 784
430 160
430 481
430 597
431 751
431 518
431 10
431 712
432 679
432 498
432 569
432 554
433 231
433 950
433 57
433 429
434 871
434 1
434 506
434 693
435 495
435 101
435 229
435 875
436 519
436 279
436 245
436 919
437 882
437 851
437 271
437 38
438 780
438 543
438 296
438 908
439 414
439 820
439 187
439 48
440 69
440 254
440 48
440 762
441 262
441 833
441 395
441 752
442 715
442 351
442 312
442 988
443 694
443 424
443 364
443 674
444 624
444 561
444 212
444 947
445 888
445 618
445 75
445 458
446 73
446 352
446 790
446 720
447 751
447 190
447 649
447 773
448 465
448 938
448 991
448 225
449 397
449 411
449 431
449 13
450 548
450 558
450 969
450 831
451 26
451 181
451 744
451 691
452 534
452 329
452 68
452 517
453 31
453 731
453 873
453 521
454 36
454 668
454 613
454 462
455 314
455 158
455 275
455 450
456 377
456 267
456 730
456 513
457 124
457 399
457 24
457 103
458 79
458 839
458 756
458 626
459 913
459 75
459 829
459 367
460 209
460 51
460 851
460 878
461 229
461 531
461 961
461 305
462 978
462 138
462 157
462 248
463 35
463 698
463 785
463 838
464 81
464 431
464 481
464 435
465 853
465 443
465 810
465 176
466 334
466 268
466 702
466 703
467 652
467 392
467 751
467 426
468 867
468 270
468 166
468 878
469 300
469 283
469 130
469 696
470 690
470 672
470 724
470 395
471 993
471 204
471 808
471 656
472 484
472 494
472 226
472 877
473 54
473 257
473 439
473 777
474 954
474 514
474 470
474 278
475 386
475 966
475 722
475 545
476 147
476 365
476 715
476 584
477 173
477 214
477 217
477 877
478 799
478 4
478 456
478 535
479 863
479 676
479 540
479 385
480 152
480 598
480 648
480 908
481 366
481 777
481 357
481 945
482 387
482 188
482 515
482 237
483 860
483 38
483 860
483 113
484 563
484 171
484 135
484 672
485 198
485 128
485 62
485 794
486 524
486 297
486 161
486 284
487 990
487 747
487 336
487 430
488 57
488 194
488 667
488 489
489 130
489 805
489 679
489 700
490 722
490 273
490 737
490 469
491 619
491 459
491 958
491 728
492 612
492 301
492 280
492 697
493 727
493 796
493 873
493 900
494 259
494 645
494 137
494 854
495 13
495 507
495 888
495 572
496 998
496 889
496 337
496 846
497 954
497 126
497 435
497 20
498 513
498 682
498 478
498 429
499 469
499 568
499 576
499 183
500 958
500 231
500 618
500 571
501 772
501 623
501 275
501 134
502 673
502 16
502 456
502 492
503 721
503 566
503 526
503 132
504 130
504 434
504 518
504 160
505 325
505 940
505 658
505 242
506 103
506 398
506 754
506 60
507 779
507 317
507 633
507 77
508 845
508 577
508 529
508 680
509 925
509 817
509 749
509 541
510 792
510 193
510 228
510 332
511 309
511 803
511 18
511 770
512 505
512 788
512 360
512 830
513 764
513 107
513 22
513 739
514 788
514 130
514 541
514 738
515 157
515 540
515 351
515 994
516 604
516 385
516 997
516 555
517 863
517 267
517 908
517 538
518 334
518 495
518 390
518 174
519 72
519 911
519 828
519 746
520 940
520 501
520 194
520 283
521 383
521 578
521 928
521 455
522 933
522 388
522 331
522 436
523 512
523 940
523 517
523 797
524 402
524 328
524 426
524 325
525 952
525 730
525 243
525 8
526 331
526 862
526 903
526 566
527 131
527 464
527 168
527 804
528 932
528 271
528 48
528 502
529 673
529 224
529 305
529 297
530 385
530 517
530 782
530 742
531 783
531 557
531 94
531 703
532 512
532 36
532 800
532 286
533 865
533 912
533 20
533 441
534 54
534 67
534 273
534 466
535 291
535 339
535 26
535 447
536 35
536 732
536 653
536 835
537 53
537 341
537 943
537 399
538 634
538 556
538 337
538 189
539 624
539 544
539 965
539 315
540 490
540 999
540 118
540 89
541 540
541 562
541 863
541 946
542 460
542 481
542 230
542 843
543 931
543 463
543 694
543 674
544 458
544 428
544 560
544 869
545 118
545 12
545 222
545 876
546 718
546 764
546 431
546 934
547 713
547 948
547 346
547 84
548 483
548 209
548 35
548 905
549 837
549 329
549 470
549 42
550 51
550 954
550 229
550 559
551 208
551 991
551 769
551 369
552 344
552 688
552 47
552 539
553 23
553 341
553 116
553 349
554 3
554 423
554 268
554 639
555 656
555 998
555 282
555 113
556 404
556 497
556 333
556 816
557 280
557 98
557 819
557 699
558 106
558 51
558 224
558 163
559 642
559 721
559 966
559 615
560 927
560 47
560 287
560 509
561 987
561 360
561 594
561 879
562 730
562 152
562 308
562 265
563 416
563 408
563 885
563 598
564 808
564 361
564 997
564 227
565 319
565 135
565 978
565 768
566 692
566 190
566 356
566 803
567 363
567 119
567 360
567 46
568 529
568 36
568 963
568 463
569 306
569 747
569 380
569 650
570 847
570 663
570 44
570 132
571 330
571 995
571 223
571 959
572 94
572 215
572 675
572 800
573 277
573 748
573 930
573 723
574 647
574 708
574 955
574 436
575 761
575 305
575 538
575 168
576 265
576 96
576 723
576 890
577 305
577 684
577 86
577 866
578 951
578 163
578 270
578 985
579 552
579 550
579 88
579 286
580 566
580 483
580 278
580 840
581 540
581 172
581 88
581 252
582 154
582 519
582 912
582 643
583 492
583 11
583 951
583 364
584 259
584 860
584 18
584 604
585 357
585 370
585 383
585 371
586 272
586 504
586 767
586 223
587 580
587 526
587 551
587 387
588 42
588 585
588 630
588 106
589 703
589 452
589 797
589 789
590 589
590 14
590 783
590 434
591 857
591 615
591 437
591 38
592 185
592 234
592 783
592 256
593 99
593 781
593 912
593 242
594 288
594 529
594 864
594 718
595 968
595 254
595 915
595 755
596 389
596 229
596 733
596 225
597 214
597 53
597 646
597 869
598 724
598 449
598 804
598 408
599 487
599 204
599 318
599 646
600 384
600 238
600 909
600 549
601 63
601 864
601 330
601 979
602 203
602 370
602 79
602 169
603 989
603 821
603 563
603 453
604 39
604 660
604 211
604 719
605 990
605 506
605 258
605 324
606 631
606 362
606 461
606 954
607 897
607 939
607 210
607 29
608 382
608 649
608 239
608 846
609 253
609 49
609 980
609 780
610 611
610 721
610 388
610 197
611 867
611 9
611 131
611 308
612 411
612 187
612 743
612 941
613 147
613 607
613 72
613 41
614 709
614 591
614 479
614 363
615 709
615 81
615 106
615 636
616 746
616 644
616 741
616 528
617 730
617 63
617 921
617 635
618 221
618 293
618 371
618 531
619 222
619 33
619 771
619 379
620 541
620 225
620 119
620 91
621 357
621 68
621 300
621 522
622 637
622 198
622 338
622 946
623 103
623 908
623 548
623 901
624 769
624 127
624 86
624 96
625 29
625 750
625 24
625 427
626 883
626 350
626 391
626 765
627 453
627 893
627 298
627 348
628 593
628 960
628 416
628 486
629 411
629 699
629 303
629 687
630 453
630 277
630 779
630 775
631 482
631 594
631 17
631 690
632 672
632 891
632 973
632 453
633 168
633 674
633 262
633 301
634 239
634 244
634 587
634 698
635 929
635 169
635 226
635 823
636 438
636 219
636 610
636 556
637 238
637 485
637 519
637 534
638 644
638 813
638 14
638 909
639 394
639 420
639 799
639 138
640 437
640 495
640 1000
640 703
641 240
641 219
641 895
641 875
642 98
642 972
642 223
642 973
643 758
643 93
643 673
643 259
644 228
644 549
644 851
644 550
645 687
645 732
645 406
645 857
646 965
646 51
646 186
646 917
647 866
647 93
647 319
647 253
648 522
648 564
648 51
648 61
649 948
649 188
649 448
649 973
650 215
650 8
650 507
650 246
651 153
651 936
651 740
651 203
652 648
652 489
652 431
652 34
653 741
653 831
653 526
653 714
654 640
654 302
654 858
654 476
655 240
655 85
655 695
655 962
656 782
656 41
656 396
656 78
657 569
657 801
657 193
657 776
658 953
658 779
658 922
658 310
659 677
659 50
659 258
659 145
660 995
660 59
660 897
660 921
661 366
661 131
661 173
661 280
662 843
662 67
662 383
662 310
663 626
663 83
663 144
663 577
664 317
664 169
664 287
664 241
665 50
665 92
665 781
665 153
666 305
666 29
666 928
666 207
667 467
667 264
667 663
667 607
668 109
668 2
668 764
668 844
669 263
669 437
669 352
669 167
670 590
670 43
670 99
670 417
671 545
671 227
671 336
671 154
672 819
672 782
672 637
672 197
673 215
673 635
673 487
673 844
674 574
674 310
674 836
674 645
675 356
675 806
675 165
675 882
676 558
676 130
676 954
676 743
677 132
677 319
677 460
677 802
678 641
678 376
678 478
678 554
679 65
679 218
679 344
679 145
680 535
680 86
680 555
680 58
681 158
681 730
681 240
681 835
682 863
682 727
682 865
682 703
683 521
683 11
683 93
683 614
684 558
684 582
684 423
684 454
685 558
685 9
685 356
685 212
686 197
686 67
686 945
686 212
687 606
687 462
687 456
687 695
688 880
688 404
688 734
688 704
689 490
689 497
689 820
689 929
690 28
690 339
690 735
690 336
691 299
691 251
691 105
691 893
692 214
692 874
692 978
692 403
693 658
693 53
693 241
693 639
694 915
694 532
694 252
694 693
695 425
695 935
695 980
695 793
696 462
696 354
696 391
696 637
697 453
697 643
697 238
697 481
698 12
698 809
698 235
698 422
699 120
699 526
699 573
699 435
700 844
700 417
700 860
700 827
701 830
701 194
701 986
701 553
702 987
702 178
702 939
702 168
703 313
703 910
703 15
703 449
704 681
704 135
704 321
704 405
705 99
705 830
705 918
705 244
706 699
706 252
706 502
706 680
707 8
707 644
707 821
707 932
708 237
708 421
708 209
708 928
709 401
709 122
709 626
709 6
710 432
710 486
710 211
710 830
711 59
711 712
711 968
711 867
712 187
712 311
712 771
712 682
713 898
713 477
713 97
713 368
714 15
714 923
714 239
714 4
715 674
715 179
715 58
715 890
716 893
716 911
716 883
716 955
717 652
717 125
717 317
717 640
718 394
718 164
718 32
718 460
719 434
719 802
719 133
719 944
720 502
720 141
720 266
720 987
721 93
721 814
721 631
721 343
722 679
722 222
722 24
722 321
723 553
723 128
723 312
723 236
724 235
724 233
724 530
724 983
725 109
725 625
725 883
725 861
726 104
726 687
726 725
726 602
727 361
727 586
727 287
727 400
728 582
728 334
728 15
728 467
729 625
729 632
729 333
729 892
730 950
730 910
730 959
730 967
731 950
731 685
731 574
731 440
732 335
732 413
732 477
732 40
733 812
733 929
733 285
733 40
734 878
734 266
734 628
734 503
735 360
735 28
735 185
735 61
736 510
736 205
736 709
736 788
737 775
737 731
737 941
737 722
738 960
738 761
738 392
738 195
739 209
739 683
739 664
739 149
740 918
740 473
740 441
740 964
741 742
741 805
741 998
741 574
742 914
742 60
742 717
742 111
743 393
743 87
743 893
743 928
744 970
744 915
744 185
744 489
745 716
745 850
745 74
745 748
746 148
746 740
746 493
746 383
747 482
747 477
747 62
747 191
748 631
748 848
748 802
748 483
749 44
749 966
749 17
749 900
750 737
750 499
750 454
750 580
751 70
751 509
751 913
751 769
752 345
752 376
752 263
752 397
753 222
753 992
753 71
753 346
754 937
754 804
754 420
754 35
755 778
755 92
755 425
755 182
756 32
756 709
756 287
756 919
757 343
757 805
757 729
757 340
758 254
758 604
758 240
758 97
759 159
759 437
759 826
759 996
760 934
760 250
760 24
760 993
761 69
761 759
761 686
761 28
762 394
762 600
762 501
762 443
763 539
763 61
763 313
763 220
764 812
764 418
764 794
764 650
765 636
765 888
765 760
765 560
766 686
766 685
766 522
766 38
767 331
767 192
767 616
767 627
768 565
768 10
768 304
768 189
769 133
769 437
769 79
769 86
770 105
770 894
770 904
770 64
771 694
771 320
771 353
771 954
772 236
772 365
772 886
772 218
773 866
773 706
773 571
773 852
774 887
774 194
774 753
774 657
775 702
775 299
775 635
775 858
776 199
776 116
776 107
776 553
777 205
777 557
777 898
777 736
778 857
778 192
778 393
778 726
779 691
779 589
779 794
779 122
780 701
780 539
780 895
780 70
781 993
781 927
781 418
781 732
782 288
782 451
782 983
782 170
783 921
783 753
783 300
783 759
784 949
784 467
784 107
784 803
785 959
785 469
785 372
785 189
786 452
786 642
786 127
786 250
787 411
787 197
787 226
787 454
788 528
788 922
788 370
788 629
789 551
789 975
789 248
789 565
790 792
790 517
790 241
790 518
791 401
791 773
791 40
791 790
792 253
792 613
792 704
792 613
793 877
793 924
793 387
793 525
794 916
794 561
794 407
794 425
795 648
795 4
795 98
795 743
796 212
796 337
796 669
796 136
797 41
797 945
797 28
797 880
798 47
798 879
798 343
798 743
799 862
799 129
799 448
799 441
800 272
800 751
800 82
800 167
801 274
801 110
801 816
801 285
802 496
802 320
802 641
802 469
803 957
803 776
803 200
803 930
804 909
804 411
804 70
804 956
805 386
805 833
805 113
805 359
806 76
806 547
806 250
806 171
807 242
807 723
807 37
807 262
808 660
808 457
808 984
808 126
809 659
809 845
809 572
809 839
810 391
810 247
810 108
810 943
811 943
811 897
811 849
811 285
812 64
812 727
812 154
812 43
813 934
813 418
813 671
813 415
814 358
814 424
814 16
814 824
815 124
815 827
815 394
815 795
816 115
816 510
816 989
816 838
817 86
817 296
817 349
817 934
818 557
818 783
818 505
818 820
819 664
819 135
819 524
819 771
820 268
820 967
820 414
820 328
821 206
821 896
821 77
821 429
822 391
822 787
822 679
822 476
823 349
823 131
823 853
823 355
824 797
824 360
824 605
824 277
825 918
825 87
825 270
825 680
826 783
826 620
826 23
826 614
827 196
827 480
827 861
827 90
828 302
828 73
828 898
828 223
829 104
829 690
829 307
829 768
830 151
830 623
830 12
830 227
831 113
831 294
831 956
831 761
832 667
832 822
832 917
832 899
833 441
833 433
833 180
833 697
834 205
834 602
834 874
834 926
835 329
835 355
835 137
835 855
836 204
836 218
836 361
836 9
837 80
837 67
837 631
837 288
838 731
838 410
838 492
838 583
839 872
839 281
839 808
839 697
840 998
840 272
840 774
840 106
841 65
841 99
841 417
841 982
842 825
842 641
842 47
842 438
843 613
843 300
843 192
843 499
844 43
844 888
844 176
844 19
845 9
845 946
845 771
845 522
846 243
846 457
846 675
846 821
847 45
847 843
847 967
847 692
848 182
848 756
848 316
848 491
849 565
849 796
849 179
849 663
850 363
850 496
850 745
850 716
851 883
851 973
851 440
851 986
852 475
852 379
852 364
852 398
853 301
853 749
853 557
853 196
854 402
854 62
854 411
854 314
855 385
855 206
855 521
855 738
856 378
856 46
856 10
856 952
857 471
857 496
857 944
857 494
858 556
858 811
858 120
858 684
859 347
859 181
859 690
859 589
860 384
860 834
860 666
860 667
861 635
861 842
861 154
861 656
862 861
862 842
862 125
862 123
863 211
863 799
863 902
863 825
864 320
864 470
864 765
864 719
865 400
865 792
865 319
865 466
866 250
866 395
866 159
866 210
867 163
867 415
867 76
867 143
868 862
868 1000
868 184
868 929
869 361
869 492
869 298
869 477
870 144
870 175
870 323
870 828
871 856
871 867
871 369
871 980
872 303
872 953
872 924
872 386
873 910
873 115
873 831
873 967
874 405
874 262
874 734
874 648
875 636
875 981
875 583
875 93
876 845
876 38
876 848
876 757
877 74
877 928
877 294
877 198
878 971
878 15
878 310
878 991
879 54
879 368
879 171
879 837
880 918
880 27
880 936
880 384
881 467
881 378
881 945
881 530
882 278
882 244
882 906
882 611
883 415
883 299
883 213
883 948
884 942
884 260
884 626
884 970
885 219
885 708
885 990
885 690
886 489
886 370
886 180
886 469
887 713
887 832
887 950
887 891
888 303
888 781
888 254
888 55
889 818
889 662
889 593
889 947
890 984
890 158
890 985
890 455
891 993
891 630
891 90
891 514
892 677
892 243
892 697
892 755
893 292
893 829
893 80
893 667
894 174
894 173
894 920
894 403
895 177
895 385
895 775
895 223
896 782
896 639
896 583
896 156
897 49
897 412
897 142
897 544
898 799
898 202
898 755
898 353
899 812
899 685
899 362
899 986
900 847
900 916
900 10
900 399
901 753
901 646
901 728
901 989
902 464
902 724
902 375
902 80
903 140
903 427
903 730
903 996
904 590
904 633
904 613
904 667
905 505
905 937
905 362
905 838
906 150
906 422
906 677
906 518
907 249
907 323
907 114
907 445
908 110
908 964
908 17
908 219
909 856
909 335
909 1000
909 164
910 113
910 429
910 55
910 173
911 341
911 566
911 80
911 418
912 976
912 671
912 364
912 793
913 870
913 976
913 727
913 18
914 147
914 146
914 992
914 988
915 170
915 804
915 406
915 302
916 169
916 497
916 734
916 514
917 150
917 192
917 216
917 879
918 413
918 657
918 354
918 163
919 546
919 961
919 768
919 844
920 217
920 73
920 668
920 932
921 460
921 859
921 230
921 247
922 570
922 231
922 156
922 463
923 259
923 944
923 404
923 3
924 903
924 472
924 284
924 840
925 306
925 536
925 461
925 711
926 766
926 297
926 375
926 612
927 843
927 277
927 823
927 552
928 414
928 521
928 661
928 774
929 223
929 191
929 6
929 614
930 133
930 162
930 719
930 772
931 40
931 143
931 402
931 143
932 237
932 455
932 369
932 185
933 165
933 974
933 842
933 806
934 226
934 394
934 55
934 872
935 126
935 256
935 542
935 463
936 178
936 359
936 280
936 440
937 350
937 856
937 181
937 204
938 26
938 553
938 550
938 818
939 198
939 77
939 378
939 672
940 276
940 609
940 762
940 200
941 610
941 455
941 740
941 316
942 472
942 397
942 451
942 477
943 677
943 335
943 15
943 914
944 794
944 42
944 165
944 975
945 187
945 484
945 829
945 988
946 267
946 913
946 900
946 616
947 845
947 617
947 858
947 151
948 54
948 688
948 449
948 852
949 56
949 468
949 666
949 407
950 289
950 578
950 930
950 369
951 586
951 545
951 11
951 190
952 959
952 85
952 1000
952 45
953 191
953 804
953 444
953 225
954 671
954 425
954 862
954 625
955 221
955 871
955 263
955 769
956 940
956 94
956 186
956 40
957 143
957 78
957 265
957 633
958 742
958 860
958 256
958 563
959 138
959 783
959 173
959 743
960 458
960 123
960 742
960 669
961 941
961 22
961 298
961 838
962 481
962 866
962 62
962 970
963 622
963 834
963 615
963 675
964 182
964 85
964 245
964 64
965 767
965 312
965 874
965 756
966 137
966 469
966 875
966 719
967 458
967 342
967 390
967 242
968 486
968 505
968 307
968 84
969 632
969 185
969 889
969 90
970 614
970 825
970 306
970 904
971 323
971 995
971 691
971 356
972 400
972 144
972 859
972 201
973 714
973 241
973 436
973 881
974 700
974 161
974 93
974 167
975 531
975 446
975 312
975 831
976 75
976 905
976 383
976 546
977 923
977 963
977 122
977 726
978 770
978 612
978 586
978 51
979 716
979 590
979 354
979 449
980 823
980 652
980 567
980 720
981 873
981 342
981 709
981 968
982 504
982 101
982 917
982 157
983 678
983 263
983 349
983 73
984 219
984 118
984 327
984 884
985 647
985 442
985 991
985 520
986 902
986 940
986 546
986 758
987 654
987 764
987 200
987 655
988 208
988 153
988 159
988 959
989 20
989 732
989 490
989 912
990 918
990 513
990 278
990 476
991 956
991 63
991 710
991 188
992 555
992 912
992 358
992 161
993 257
993 471
993 877
993 607
994 655
994 626
994 2
994 983
995 578
995 253
995 645
995 148
996 165
996 861
996 333
996 824
997 139
997 329
997 989
997 247
998 133
998 637
998 389
998 122
999 135
999 586
999 250
999 265
1000 864
1000 44
1000 932
1000 781
