1000_2001
1 760
1 436
2 86
2 117
3 924
3 338
4 921
4 531
5 964
5 767
6 344
6 818
7 972
7 892
8 883
8 774
9 728
9 862
10 391
10 102
11 947
11 594
12 318
12 608
13 429
13 601
14 954
14 22
15 278
15 356
16 236
16 73
17 790
17 1000
18 542
18 398
19 358
19 887
20 836
20 457
21 890
21 896
22 414
22 103
23 801
23 357
24 599
24 92
25 813
25 490
26 707
26 833
27 17
27 14
28 320
28 359
29 6
29 782
30 474
30 721
31 934
31 680
32 74
32 993
33 826
33 7
34 321
34 475
35 187
35 895
36 420
36 232
37 197
37 627
38 319
38 611
39 832
39 416
40 348
40 188
41 590
41 142
42 24
42 631
43 482
43 401
44 965
44 658
45 673
45 776
46 325
46 98
47 456
47 468
48 180
48 1000
49 413
49 913
50 824
50 742
51 651
51 671
52 308
52 743
53 10
53 965
54 952
54 597
55 524
55 533
56 836
56 489
57 808
57 511
58 596
58 373
59 345
59 67
60 144
60 88
61 516
61 634
62 976
62 693
63 574
63 290
64 979
64 512
65 495
65 100
66 262
66 269
67 830
67 448
68 93
68 930
69 725
69 349
70 859
70 566
71 575
71 695
72 380
72 598
73 160
73 296
74 685
74 229
75 882
75 815
76 326
76 799
77 919
77 387
78 500
78 98
79 63
79 561
80 770
80 737
81 124
81 957
82 305
82 864
83 863
83 207
84 338
84 666
85 263
85 257
86 569
86 669
87 228
87 813
88 76
88 597
89 123
89 39
90 920
90 638
91 31
91 705
92 850
92 449
93 196
93 283
94 915
94 734
95 153
95 379
96 605
96 618
97 591
97 966
98 559
98 357
99 655
99 910
100 243
100 286
101 826
101 383
102 553
102 607
103 107
103 246
104 149
104 918
105 296
105 815
106 987
106 580
107 619
107 369
108 960
108 817
109 154
109 637
110 614
110 722
111 454
111 409
112 187
112 266
113 258
113 169
114 177
114 239
115 799
115 728
116 463
116 946
117 617
117 301
118 996
118 340
119 202
119 560
120 896
120 81
121 417
121 637
122 12
122 389
123 130
123 372
124 504
124 763
125 458
125 459
126 905
126 588
127 222
127 220
128 84
128 390
129 774
129 77
130 645
130 472
131 751
131 670
132 884
132 68
133 38
133 358
134 86
134 692
135 530
135 18
136 145
136 419
137 474
137 561
138 515
138 754
139 650
139 687
140 871
140 265
141 390
141 634
142 378
142 324
143 347
143 866
144 792
144 610
145 541
145 28
146 510
146 445
147 710
147 231
148 483
148 244
149 181
149 159
150 794
150 771
151 466
151 685
152 508
152 925
153 496
153 438
154 780
154 410
155 943
155 164
156 845
156 484
157 982
157 35
158 895
158 8
159 886
159 362
160 212
160 61
161 921
161 217
162 511
162 712
163 947
163 593
164 994
164 202
165 276
165 727
166 293
166 431
167 497
167 478
168 951
168 842
169 111
169 899
170 453
170 542
171 644
171 4
172 456
172 565
173 133
173 828
174 485
174 717
175 177
175 425
176 552
176 775
177 200
177 745
178 38
178 469
179 957
179 195
180 447
180 699
181 765
181 733
182 699
182 496
183 802
183 502
184 116
184 887
185 606
185 488
186 104
186 185
187 675
187 848
188 215
188 51
189 268
189 757
190 309
190 703
191 877
191 87
192 778
192 312
193 973
193 5
194 27
194 936
195 648
195 320
196 649
196 576
197 831
197 111
198 161
198 364
199 986
199 65
200 162
200 242
201 274
201 61
202 937
202 256
203 423
203 897
204 759
204 667
205 509
205 189
206 520
206 816
207 403
207 870
208 611
208 331
209 612
209 182
210 236
210 371
211 404
211 738
212 683
212 628
213 643
213 762
214 455
214 942
215 577
215 593
216 442
216 952
217 44
217 339
218 351
218 421
219 683
219 2
220 428
220 176
221 582
221 977
222 556
222 889
223 32
223 330
224 519
224 361
225 28
225 72
226 483
226 248
227 336
227 220
228 525
228 941
229 783
229 505
230 691
230 273
231 891
231 230
232 422
232 540
233 984
233 206
234 539
234 283
235 583
235 930
236 4
236 807
237 924
237 761
238 192
238 267
239 752
239 698
240 755
240 894
241 537
241 743
242 37
242 132
243 138
243 911
244 235
244 716
245 868
245 285
246 437
246 538
247 171
247 368
248 494
248 313
249 904
249 216
250 585
250 538
251 944
251 776
252 935
252 643
253 632
253 964
254 337
254 83
255 424
255 640
256 433
256 25
257 395
257 976
258 997
258 152
259 145
259 289
260 438
260 758
261 156
261 135
262 580
262 22
263 287
263 599
264 214
264 70
265 350
265 268
266 679
266 955
267 434
267 999
268 203
268 218
269 109
269 564
270 346
270 119
271 495
271 374
272 741
272 777
273 668
273 876
274 804
274 302
275 769
275 121
276 975
276 421
277 460
277 858
278 901
278 463
279 450
279 694
280 798
280 171
281 412
281 193
282 940
282 193
283 897
283 163
284 823
284 405
285 258
285 334
286 20
286 671
287 772
287 118
288 786
288 478
289 12
289 880
290 710
290 903
291 376
291 536
292 501
292 241
293 980
293 225
294 835
294 674
295 627
295 773
296 547
296 708
297 905
297 482
298 45
298 682
299 543
299 80
300 688
300 761
301 228
301 932
302 807
302 160
303 325
303 385
304 225
304 240
305 839
305 69
306 927
306 676
307 709
307 963
308 900
308 573
309 796
309 353
310 810
310 875
311 264
311 803
312 9
312 108
313 904
313 784
314 558
314 770
315 334
315 962
316 853
316 350
317 207
317 445
318 624
318 376
319 971
319 587
320 752
320 873
321 174
321 574
322 285
322 302
323 876
323 603
324 582
324 527
325 260
325 432
326 309
326 412
327 817
327 866
328 829
328 518
329 203
329 130
330 573
330 706
331 158
331 534
332 384
332 321
333 34
333 820
334 134
334 889
335 621
335 704
336 915
336 695
337 718
337 44
338 657
338 879
339 156
339 333
340 646
340 569
341 97
341 132
342 862
342 996
343 878
343 499
344 401
344 859
345 232
345 199
346 834
346 99
347 297
347 563
348 48
348 41
349 551
349 508
350 841
350 809
351 151
351 951
352 918
352 335
353 161
353 664
354 261
354 140
355 881
355 757
356 476
356 339
357 949
357 522
358 113
358 29
359 809
359 114
360 491
360 933
361 89
361 443
362 255
362 227
363 973
363 768
364 872
364 535
365 730
365 974
366 544
366 821
367 139
367 316
368 737
368 319
369 803
369 502
370 674
370 528
371 667
371 279
372 532
372 604
373 729
373 415
374 545
374 557
375 71
375 919
376 455
376 851
377 767
377 223
378 948
378 312
379 433
379 116
380 381
380 182
381 473
381 129
382 678
382 234
383 425
383 684
384 579
384 75
385 612
385 982
386 327
386 732
387 626
387 753
388 818
388 1
389 47
389 668
390 522
390 317
391 758
391 659
392 101
392 56
393 53
393 688
394 393
394 444
395 460
395 509
396 614
396 916
397 426
397 515
398 546
398 108
399 777
399 269
400 923
400 678
401 610
401 959
402 281
402 280
403 518
403 8
404 465
404 174
405 732
405 672
406 989
406 846
407 907
407 262
408 432
408 793
409 14
409 665
410 185
410 555
411 82
411 936
412 811
412 572
413 266
413 298
414 785
414 179
415 345
415 854
416 750
416 204
417 301
417 595
418 419
418 659
419 291
419 739
420 451
420 426
421 978
421 592
422 476
422 450
423 343
423 446
424 399
424 56
425 245
425 961
426 747
426 521
427 241
427 871
428 825
428 713
429 435
429 861
430 291
430 787
431 652
431 865
432 811
432 63
433 686
433 723
434 46
434 830
435 660
435 878
436 913
436 65
437 645
437 883
438 794
438 629
439 290
439 386
440 468
440 686
441 849
441 417
442 388
442 945
443 473
443 867
444 406
444 798
445 212
445 275
446 126
446 946
447 926
447 529
448 778
448 487
449 842
449 945
450 323
450 755
451 507
451 87
452 141
452 760
453 499
453 997
454 981
454 366
455 682
455 623
456 555
456 920
457 832
457 440
458 768
458 979
459 176
459 584
460 378
460 943
461 49
461 80
462 726
462 853
463 3
463 787
464 24
464 335
465 722
465 581
466 310
466 370
467 245
467 984
468 519
468 636
469 226
469 544
470 307
470 294
471 596
471 762
472 724
472 955
473 654
473 844
474 295
474 748
475 546
475 781
476 771
476 662
477 653
477 70
478 906
478 364
479 684
479 961
480 552
480 677
481 837
481 990
482 858
482 912
483 805
483 194
484 299
484 397
485 195
485 336
486 795
486 812
487 953
487 322
488 119
488 602
489 885
489 635
490 994
490 112
491 656
491 155
492 644
492 608
493 480
493 263
494 126
494 617
495 157
495 653
496 21
496 366
497 660
497 690
498 341
498 252
499 967
499 475
500 375
500 394
501 602
501 605
502 19
502 53
503 874
503 526
504 79
504 414
505 600
505 377
506 92
506 559
507 808
507 493
508 435
508 173
509 898
509 907
510 129
510 893
511 128
511 604
512 125
512 673
513 575
513 666
514 623
514 165
515 115
515 313
516 136
516 700
517 272
517 703
518 239
518 567
519 618
519 781
520 649
520 33
521 88
521 166
522 851
522 894
523 318
523 451
524 702
524 517
525 550
525 983
526 629
526 392
527 188
527 190
528 19
528 472
529 968
529 58
530 847
530 487
531 223
531 352
532 224
532 972
533 534
533 579
534 769
534 184
535 107
535 840
536 186
536 493
537 928
537 779
538 711
538 749
539 938
539 69
540 454
540 950
541 77
541 251
542 201
542 206
543 449
543 91
544 144
544 143
545 196
545 636
546 380
546 215
547 42
547 763
548 446
548 150
549 829
549 584
550 785
550 66
551 58
551 372
552 328
552 219
553 127
553 788
554 74
554 831
555 940
555 436
556 3
556 563
557 869
557 824
558 142
558 117
559 504
559 197
560 411
560 588
561 250
561 59
562 94
562 347
563 150
563 15
564 700
564 50
565 73
565 914
566 680
566 863
567 146
567 960
568 638
568 127
569 249
569 175
570 233
570 934
571 513
571 841
572 41
572 479
573 406
573 79
574 399
574 408
575 625
575 403
576 990
576 860
577 76
577 959
578 764
578 102
579 40
579 295
580 820
580 276
581 622
581 253
582 564
582 724
583 641
583 935
584 540
584 391
585 576
585 304
586 633
586 992
587 110
587 147
588 214
588 857
589 307
589 995
590 439
590 701
591 731
591 213
592 881
592 48
593 332
593 733
594 333
594 854
595 810
595 802
596 270
596 719
597 466
597 850
598 765
598 635
599 654
599 814
600 140
600 806
601 59
601 874
602 481
602 806
603 293
603 747
604 735
604 875
605 226
605 525
606 846
606 773
607 827
607 497
608 265
608 833
609 689
609 168
610 234
610 562
611 96
611 154
612 670
612 39
613 122
613 457
614 264
614 237
615 549
615 613
616 902
616 567
617 43
617 492
618 486
618 90
619 939
619 386
620 740
620 663
621 131
621 986
622 529
622 382
623 477
623 738
624 210
624 389
625 510
625 101
626 106
626 530
627 911
627 222
628 243
628 6
629 910
629 716
630 709
630 85
631 797
631 906
632 711
632 367
633 698
633 548
634 121
634 233
635 917
635 208
636 385
636 166
637 363
637 100
638 373
638 431
639 310
639 591
640 277
640 368
641 975
641 57
642 980
642 246
643 427
643 439
644 49
644 500
645 492
645 404
646 800
646 392
647 288
647 179
648 490
648 661
649 32
649 282
650 505
650 857
651 298
651 985
652 533
652 675
653 583
653 489
654 175
654 749
655 646
655 888
656 95
656 407
657 589
657 720
658 109
658 286
659 744
659 606
660 453
660 520
661 916
661 462
662 691
662 27
663 424
663 641
664 656
664 494
665 346
665 471
666 901
666 221
667 96
667 607
668 665
668 106
669 622
669 746
670 17
670 891
671 54
671 679
672 315
672 571
673 892
673 270
674 625
674 317
675 26
675 677
676 124
676 464
677 545
677 870
678 800
678 428
679 371
679 657
680 796
680 970
681 191
681 908
682 444
682 756
683 712
683 554
684 315
684 939
685 256
685 869
686 849
686 93
687 615
687 578
688 303
688 255
689 974
689 459
690 238
690 744
691 958
691 153
692 977
692 658
693 628
693 52
694 748
694 484
695 247
695 715
696 430
696 702
697 170
697 900
698 471
698 342
699 991
699 281
700 501
700 620
701 384
701 213
702 852
702 713
703 694
703 75
704 978
704 779
705 882
705 535
706 981
706 183
707 249
707 104
708 146
708 205
709 843
709 642
710 105
710 34
711 822
711 470
712 819
712 37
713 877
713 305
714 470
714 966
715 178
715 192
716 416
716 35
717 90
717 837
718 464
718 297
719 753
719 33
720 922
720 9
721 929
721 639
722 55
722 294
723 365
723 481
724 988
724 279
725 899
725 651
726 397
726 988
727 261
727 754
728 381
728 676
729 848
729 114
730 50
730 855
731 840
731 363
732 355
732 844
733 719
733 128
734 360
734 598
735 718
735 963
736 441
736 578
737 240
737 94
738 11
738 418
739 909
739 640
740 791
740 402
741 311
741 115
742 10
742 968
743 720
743 662
744 151
744 113
745 477
745 272
746 208
746 178
747 692
747 430
748 507
748 411
749 120
749 922
750 398
750 469
751 275
751 560
752 570
752 480
753 888
753 786
754 647
754 148
755 273
755 721
756 289
756 687
757 82
757 71
758 448
758 122
759 327
759 395
760 120
760 467
761 879
761 383
762 218
762 224
763 838
763 157
764 847
764 652
765 514
765 506
766 11
766 168
767 600
767 558
768 944
768 343
769 47
769 731
770 648
770 99
771 868
771 259
772 184
772 839
773 85
773 704
774 260
774 845
775 183
775 209
776 506
776 562
777 791
777 949
778 531
778 479
779 353
779 642
780 616
780 793
781 523
781 927
782 159
782 926
783 630
783 933
784 714
784 822
785 789
785 995
786 418
786 998
787 592
787 932
788 828
788 252
789 970
789 669
790 284
790 137
791 66
791 880
792 742
792 745
793 137
793 326
794 355
794 938
795 16
795 568
796 267
796 532
797 735
797 51
798 441
798 219
799 577
799 374
800 388
800 242
801 730
801 488
802 989
802 165
803 681
803 26
804 696
804 537
805 572
805 903
806 393
806 379
807 948
807 626
808 180
808 521
809 893
809 427
810 486
810 523
811 969
811 254
812 632
812 741
813 410
813 821
814 708
814 554
815 609
815 912
816 277
816 707
817 759
817 581
818 13
818 764
819 587
819 308
820 603
820 672
821 693
821 925
822 135
822 568
823 619
823 736
824 167
824 429
825 987
825 164
826 68
826 40
827 136
827 139
828 112
828 352
829 872
829 324
830 788
830 780
831 323
831 84
832 329
832 823
833 993
833 387
834 247
834 992
835 950
835 491
836 217
836 125
837 715
837 200
838 211
838 396
839 36
839 367
840 795
840 55
841 216
841 163
842 941
842 566
843 739
843 155
844 701
844 97
845 650
845 805
846 725
846 30
847 942
847 772
848 615
848 407
849 248
849 172
850 452
850 864
851 825
851 541
852 287
852 15
853 513
853 209
854 865
854 141
855 329
855 351
856 503
856 867
857 229
857 158
858 360
858 167
859 365
859 370
860 43
860 547
861 928
861 138
862 244
862 420
863 133
863 204
864 67
864 953
865 792
865 190
866 983
866 797
867 348
867 462
868 985
868 465
869 856
869 898
870 396
870 517
871 594
871 609
872 908
872 819
873 30
873 784
874 5
874 253
875 64
875 834
876 958
876 861
877 110
877 409
878 377
878 884
879 369
879 89
880 362
880 620
881 210
881 282
882 332
882 64
883 914
883 681
884 956
884 843
885 557
885 835
886 342
886 613
887 205
887 705
888 250
888 259
889 855
889 237
890 816
890 746
891 354
891 78
892 284
892 962
893 13
893 539
894 631
894 956
895 143
895 633
896 2
896 814
897 331
897 696
898 186
898 148
899 400
899 361
900 717
900 909
901 21
901 131
902 890
902 551
903 856
903 162
904 292
904 516
905 118
905 723
906 789
906 62
907 998
907 288
908 812
908 601
909 394
909 751
910 18
910 306
911 359
911 902
912 734
912 382
913 45
913 300
914 81
914 54
915 923
915 227
916 621
916 311
917 23
917 278
918 827
918 198
919 440
919 766
920 422
920 254
921 42
921 328
922 408
922 689
923 103
923 211
924 340
924 170
925 72
925 31
926 25
926 434
927 251
927 804
928 304
928 201
929 931
929 199
930 782
930 306
931 565
931 589
932 801
932 292
933 198
933 57
934 595
934 524
935 443
935 514
936 78
936 413
937 498
937 727
938 498
938 873
939 775
939 714
940 548
940 536
941 62
941 697
942 437
942 152
943 736
943 23
944 20
944 467
945 341
945 60
946 570
946 954
947 991
947 917
948 172
948 690
949 303
949 274
950 194
950 105
951 969
951 452
952 726
952 556
953 29
953 91
954 929
954 7
955 191
955 697
956 299
956 316
957 590
957 330
958 149
958 616
959 189
959 147
960 528
960 503
961 630
961 663
962 169
962 553
963 461
963 931
964 527
964 314
965 375
965 585
966 235
966 458
967 766
967 783
968 447
968 60
969 95
969 405
970 181
970 647
971 549
971 337
972 230
972 860
973 402
973 271
974 999
974 550
975 512
975 123
976 280
976 571
977 257
977 461
978 750
978 838
979 664
979 16
980 485
980 586
981 639
981 740
982 756
982 238
983 661
983 46
984 442
984 586
985 886
985 415
986 300
986 706
987 322
987 314
988 543
988 852
989 790
989 971
990 400
990 221
991 356
991 624
992 937
992 271
993 885
993 134
994 423
994 344
995 83
995 526
996 52
996 36
997 354
997 349
998 655
998 967
999 173
999 729
1000 231
1000 1
