100_201
1 52
1 44
2 67
2 56
3 39
3 23
4 49
4 57
5 38
5 31
6 95
6 89
7 93
7 45
8 35
8 21
9 98
9 22
10 34
10 36
11 83
11 74
12 100
12 64
13 54
13 53
14 64
14 92
15 11
15 55
16 27
16 51
17 24
17 5
18 42
18 89
19 94
19 35
20 73
20 97
21 28
21 80
22 82
22 73
23 62
23 42
24 92
24 37
25 28
25 2
26 39
26 51
27 82
27 34
28 4
28 75
29 23
29 50
30 99
30 59
31 36
31 1
32 72
32 17
33 79
33 87
34 91
34 3
35 26
35 9
36 9
36 76
37 78
37 91
38 97
38 61
39 88
39 66
40 7
40 95
41 85
41 45
42 71
42 87
43 69
43 5
44 16
44 77
45 47
45 15
46 2
46 24
47 67
47 79
48 3
48 75
49 41
49 33
50 18
50 20
51 14
51 31
52 21
52 30
53 70
53 20
54 57
54 32
55 71
55 54
56 63
56 43
57 68
57 100
58 17
58 65
59 98
59 68
60 4
60 19
61 63
61 60
62 13
62 26
63 6
63 96
64 10
64 48
65 22
65 88
66 86
66 12
67 14
67 66
68 84
68 37
69 46
69 65
70 43
70 81
71 53
71 74
72 56
72 58
73 33
73 58
74 12
74 27
75 46
75 11
76 99
76 8
77 48
77 52
78 47
78 15
79 93
79 50
80 86
80 13
81 41
81 29
82 81
82 85
83 32
83 96
84 38
84 76
85 25
85 90
86 44
86 6
87 90
87 49
88 7
88 61
89 72
89 40
90 94
90 29
91 83
91 25
92 60
92 10
93 84
93 40
94 62
94 59
95 30
95 8
96 69
96 18
97 78
97 80
98 77
98 55
99 70
99 16
100 19
100 1
