100_371
1 40
1 38
1 33
1 47
2 43
2 22
2 61
2 78
3 41
3 29
3 71
3 92
4 88
4 84
4 80
4 56
5 38
5 51
5 27
5 32
6 25
6 43
6 45
6 66
7 63
7 52
7 92
7 46
8 7
8 28
8 27
8 66
9 27
9 12
9 35
9 24
10 2
11 88
11 55
11 7
11 12
12 78
12 48
12 78
12 20
13 78
13 12
13 61
13 94
14 60
14 65
14 94
14 17
15 13
15 46
15 60
15 98
16 44
16 61
16 100
16 96
17 44
17 45
17 69
17 54
18 36
18 77
18 4
18 95
19 63
19 10
19 67
19 13
20 52
21 75
21 46
21 35
21 43
22 37
22 41
22 71
22 38
23 61
23 24
23 3
23 83
24 96
24 62
24 79
24 81
25 99
25 32
25 68
25 12
26 83
26 29
26 42
26 54
27 69
27 72
27 58
27 85
28 77
28 23
28 80
28 23
29 41
29 84
29 79
29 10
30 33
31 4
31 77
31 86
31 36
32 99
32 48
32 36
32 48
33 84
33 11
33 71
33 63
34 26
34 24
34 31
34 66
35 34
35 89
35 96
35 4
36 53
36 1
36 5
36 68
37 42
37 47
37 76
37 12
38 35
38 71
38 56
38 23
39 91
39 19
39 8
39 85
40 44
41 46
41 91
41 39
41 55
42 20
42 13
42 78
42 95
43 50
43 30
43 64
43 11
44 18
44 10
44 74
44 33
45 29
45 27
45 53
45 29
46 33
46 94
46 44
46 47
47 23
47 30
47 45
47 78
48 93
48 21
48 2
48 19
49 79
49 36
49 2
49 53
50 82
51 34
51 5
51 91
51 6
52 39
52 66
52 90
52 14
53 88
53 7
53 51
53 90
54 37
54 57
54 33
54 88
55 20
55 92
55 12
55 70
56 95
56 15
56 73
56 39
57 35
57 25
57 6
57 50
58 97
58 10
58 56
58 83
59 83
59 97
59 70
59 12
60 22
61 14
61 8
61 47
61 79
62 98
62 71
62 28
62 7
63 62
63 84
63 74
63 3
64 48
64 72
64 70
64 49
65 52
65 72
65 57
65 4
66 72
66 40
66 13
66 24
67 87
67 58
67 69
67 47
68 18
68 9
68 92
68 45
69 9
69 37
69 66
69 67
70 94
71 5
71 40
71 49
71 14
72 14
72 64
72 56
72 42
73 72
73 85
73 28
73 32
74 51
74 39
74 44
74 23
75 26
75 4
75 98
75 78
76 75
76 46
76 40
76 67
77 93
77 35
77 61
77 81
78 97
78 69
78 76
78 45
79 67
79 16
79 53
79 21
80 20
81 11
81 33
81 26
81 63
82 87
82 17
82 16
82 87
83 74
83 37
83 71
83 100
84 89
84 64
84 3
84 60
85 96
85 82
85 53
85 29
86 83
86 48
86 13
86 49
87 99
87 90
87 34
87 94
88 30
88 1
88 62
88 96
89 5
89 73
89 39
89 12
90 31
91 84
91 56
91 23
91 60
92 51
92 60
92 24
92 17
93 56
93 34
93 50
93 35
94 3
94 6
94 18
94 27
95 99
95 76
95 43
95 47
96 76
96 69
96 34
96 70
97 17
97 100
97 18
97 6
98 60
98 64
98 92
98 16
99 40
99 98
99 9
99 82
100 16
