100_395
1 13
1 85
1 29
1 27
2 7
2 53
2 45
2 38
3 51
3 43
3 91
3 100
4 41
4 88
4 57
4 17
5 48
5 14
5 44
5 16
6 98
6 47
6 12
6 78
7 6
7 96
7 93
7 30
8 14
8 80
8 49
8 86
9 54
9 2
9 52
9 5
10 15
11 76
11 96
11 35
11 73
12 90
12 28
12 38
12 30
13 85
13 97
13 67
13 54
14 42
14 5
14 97
14 96
15 87
15 11
15 53
15 46
16 65
16 54
16 39
16 20
17 64
17 14
17 16
17 63
18 5
18 34
18 69
18 99
19 69
19 31
19 57
19 69
20 57
21 89
21 40
21 74
21 43
22 81
22 95
22 15
22 24
23 22
23 60
23 78
23 77
24 31
24 49
24 87
24 66
25 17
25 86
25 77
25 26
26 13
26 75
26 83
26 73
27 37
27 2
27 45
27 2
28 58
28 34
28 59
28 68
29 8
29 88
29 10
29 28
30 29
30 49
30 18
30 16
31 100
31 40
31 81
31 77
32 42
32 2
32 3
32 38
33 98
33 82
33 1
33 78
34 41
34 2
34 66
34 82
35 26
35 78
35 48
35 27
36 24
36 94
36 13
36 39
37 18
37 1
37 96
37 2
38 85
38 63
38 1
38 26
39 1
39 68
39 97
39 76
40 78
40 51
40 4
40 3
41 8
41 93
41 56
41 30
42 21
42 87
42 52
42 85
43 51
43 100
43 70
43 62
44 15
44 61
44 76
44 8
45 93
45 25
45 26
45 80
46 24
46 29
46 41
46 74
47 21
47 78
47 41
47 89
48 33
48 31
48 50
48 20
49 29
49 14
49 65
49 27
50 67
50 28
50 80
50 23
51 61
51 17
51 10
51 90
52 10
52 42
52 17
52 64
53 67
53 57
53 16
53 38
54 50
54 40
54 94
54 4
55 31
55 100
55 64
55 5
56 76
56 10
56 72
56 77
57 56
57 15
57 91
57 33
58 86
58 68
58 39
58 10
59 40
59 22
59 46
59 58
60 15
60 67
60 97
60 19
61 89
61 60
61 84
61 31
62 47
62 72
62 10
62 13
63 82
63 41
63 82
63 88
64 61
64 69
64 73
64 83
65 38
65 99
65 33
65 9
66 65
66 100
66 11
66 2
67 80
67 98
67 78
67 60
68 62
68 50
68 90
68 20
69 90
69 6
69 1
69 91
70 50
70 84
70 35
70 17
71 78
71 66
71 34
71 98
72 48
72 65
72 7
72 84
73 49
73 62
73 72
73 100
74 35
74 62
74 75
74 64
75 25
75 70
75 64
75 33
76 36
76 79
76 23
76 8
77 93
77 20
77 19
77 71
78 45
78 41
78 10
78 28
79 33
79 7
79 34
79 3
80 22
80 34
80 27
80 50
81 22
81 35
81 59
81 17
82 17
82 67
82 12
82 55
83 97
83 59
83 43
83 62
84 24
84 80
84 69
84 81
85 18
85 72
85 83
85 63
86 53
86 55
86 65
86 12
87 83
87 55
87 74
87 20
88 44
88 86
88 44
88 39
89 12
89 76
89 13
89 100
90 43
90 18
90 34
90 91
91 73
91 80
91 33
91 70
92 87
92 74
92 39
92 1
93 11
93 37
93 96
93 16
94 92
94 51
94 31
94 43
95 77
95 87
95 29
95 19
96 21
96 92
96 36
96 5
97 92
97 22
97 92
97 7
98 47
98 95
98 82
98 25
99 23
99 94
99 56
99 47
100 49
100 56
100 62
100 71
