1000 3499
1 2
1 3
1 4
2 1
2 3
2 4
3 7
3 1
3 2
3 4
4 1
4 2
4 3
4 5
5 11
5 6
5 7
5 8
6 5
6 7
6 8
7 15
7 5
7 6
7 8
8 5
8 6
8 7
8 9
9 19
9 10
9 11
9 12
10 9
10 11
10 12
11 23
11 9
11 10
11 12
12 9
12 10
12 11
12 13
13 27
13 14
13 15
13 16
14 13
14 15
14 16
15 31
15 13
15 14
15 16
16 13
16 14
16 15
16 17
17 35
17 18
17 19
17 20
18 17
18 19
18 20
19 39
19 17
19 18
19 20
20 17
20 18
20 19
20 21
21 43
21 22
21 23
21 24
22 21
22 23
22 24
23 47
23 21
23 22
23 24
24 21
24 22
24 23
24 25
25 51
25 26
25 27
25 28
26 25
26 27
26 28
27 55
27 25
27 26
27 28
28 25
28 26
28 27
28 29
29 59
29 30
29 31
29 32
30 29
30 31
30 32
31 63
31 29
31 30
31 32
32 29
32 30
32 31
32 33
33 67
33 34
33 35
33 36
34 33
34 35
34 36
35 71
35 33
35 34
35 36
36 33
36 34
36 35
36 37
37 75
37 38
37 39
37 40
38 37
38 39
38 40
39 79
39 37
39 38
39 40
40 37
40 38
40 39
40 41
41 83
41 42
41 43
41 44
42 41
42 43
42 44
43 87
43 41
43 42
43 44
44 41
44 42
44 43
44 45
45 91
45 46
45 47
45 48
46 45
46 47
46 48
47 95
47 45
47 46
47 48
48 45
48 46
48 47
48 49
49 99
49 50
49 51
49 52
50 49
50 51
50 52
51 103
51 49
51 50
51 52
52 49
52 50
52 51
52 53
53 107
53 54
53 55
53 56
54 53
54 55
54 56
55 111
55 53
55 54
55 56
56 53
56 54
56 55
56 57
57 115
57 58
57 59
57 60
58 57
58 59
58 60
59 119
59 57
59 58
59 60
60 57
60 58
60 59
60 61
61 123
61 62
61 63
61 64
62 61
62 63
62 64
63 127
63 61
63 62
63 64
64 61
64 62
64 63
64 65
65 131
65 66
65 67
65 68
66 65
66 67
66 68
67 135
67 65
67 66
67 68
68 65
68 66
68 67
68 69
69 139
69 70
69 71
69 72
70 69
70 71
70 72
71 143
71 69
71 70
71 72
72 69
72 70
72 71
72 73
73 147
73 74
73 75
73 76
74 73
74 75
74 76
75 151
75 73
75 74
75 76
76 73
76 74
76 75
76 77
77 155
77 78
77 79
77 80
78 77
78 79
78 80
79 159
79 77
79 78
79 80
80 77
80 78
80 79
80 81
81 163
81 82
81 83
81 84
82 81
82 83
82 84
83 167
83 81
83 82
83 84
84 81
84 82
84 83
84 85
85 171
85 86
85 87
85 88
86 85
86 87
86 88
87 175
87 85
87 86
87 88
88 85
88 86
88 87
88 89
89 179
89 90
89 91
89 92
90 89
90 91
90 92
91 183
91 89
91 90
91 92
92 89
92 90
92 91
92 93
93 187
93 94
93 95
93 96
94 93
94 95
94 96
95 191
95 93
95 94
95 96
96 93
96 94
96 95
96 97
97 195
97 98
97 99
97 100
98 97
98 99
98 100
99 199
99 97
99 98
99 100
100 97
100 98
100 99
100 101
101 203
101 102
101 103
101 104
102 101
102 103
102 104
103 207
103 101
103 102
103 104
104 101
104 102
104 103
104 105
105 211
105 106
105 107
105 108
106 105
106 107
106 108
107 215
107 105
107 106
107 108
108 105
108 106
108 107
108 109
109 219
109 110
109 111
109 112
110 109
110 111
110 112
111 223
111 109
111 110
111 112
112 109
112 110
112 111
112 113
113 227
113 114
113 115
113 116
114 113
114 115
114 116
115 231
115 113
115 114
115 116
116 113
116 114
116 115
116 117
117 235
117 118
117 119
117 120
118 117
118 119
118 120
119 239
119 117
119 118
119 120
120 117
120 118
120 119
120 121
121 243
121 122
121 123
121 124
122 121
122 123
122 124
123 247
123 121
123 122
123 124
124 121
124 122
124 123
124 125
125 251
125 126
125 127
125 128
126 125
126 127
126 128
127 255
127 125
127 126
127 128
128 125
128 126
128 127
128 129
129 259
129 130
129 131
129 132
130 129
130 131
130 132
131 263
131 129
131 130
131 132
132 129
132 130
132 131
132 133
133 267
133 134
133 135
133 136
134 133
134 135
134 136
135 271
135 133
135 134
135 136
136 133
136 134
136 135
136 137
137 275
137 138
137 139
137 140
138 137
138 139
138 140
139 279
139 137
139 138
139 140
140 137
140 138
140 139
140 141
141 283
141 142
141 143
141 144
142 141
142 143
142 144
143 287
143 141
143 142
143 144
144 141
144 142
144 143
144 145
145 291
145 146
145 147
145 148
146 145
146 147
146 148
147 295
147 145
147 146
147 148
148 145
148 146
148 147
148 149
149 299
149 150
149 151
149 152
150 149
150 151
150 152
151 303
151 149
151 150
151 152
152 149
152 150
152 151
152 153
153 307
153 154
153 155
153 156
154 153
154 155
154 156
155 311
155 153
155 154
155 156
156 153
156 154
156 155
156 157
157 315
157 158
157 159
157 160
158 157
158 159
158 160
159 319
159 157
159 158
159 160
160 157
160 158
160 159
160 161
161 323
161 162
161 163
161 164
162 161
162 163
162 164
163 327
163 161
163 162
163 164
164 161
164 162
164 163
164 165
165 331
165 166
165 167
165 168
166 165
166 167
166 168
167 335
167 165
167 166
167 168
168 165
168 166
168 167
168 169
169 339
169 170
169 171
169 172
170 169
170 171
170 172
171 343
171 169
171 170
171 172
172 169
172 170
172 171
172 173
173 347
173 174
173 175
173 176
174 173
174 175
174 176
175 351
175 173
175 174
175 176
176 173
176 174
176 175
176 177
177 355
177 178
177 179
177 180
178 177
178 179
178 180
179 359
179 177
179 178
179 180
180 177
180 178
180 179
180 181
181 363
181 182
181 183
181 184
182 181
182 183
182 184
183 367
183 181
183 182
183 184
184 181
184 182
184 183
184 185
185 371
185 186
185 187
185 188
186 185
186 187
186 188
187 375
187 185
187 186
187 188
188 185
188 186
188 187
188 189
189 379
189 190
189 191
189 192
190 189
190 191
190 192
191 383
191 189
191 190
191 192
192 189
192 190
192 191
192 193
193 387
193 194
193 195
193 196
194 193
194 195
194 196
195 391
195 193
195 194
195 196
196 193
196 194
196 195
196 197
197 395
197 198
197 199
197 200
198 197
198 199
198 200
199 399
199 197
199 198
199 200
200 197
200 198
200 199
200 201
201 403
201 202
201 203
201 204
202 201
202 203
202 204
203 407
203 201
203 202
203 204
204 201
204 202
204 203
204 205
205 411
205 206
205 207
205 208
206 205
206 207
206 208
207 415
207 205
207 206
207 208
208 205
208 206
208 207
208 209
209 419
209 210
209 211
209 212
210 209
210 211
210 212
211 423
211 209
211 210
211 212
212 209
212 210
212 211
212 213
213 427
213 214
213 215
213 216
214 213
214 215
214 216
215 431
215 213
215 214
215 216
216 213
216 214
216 215
216 217
217 435
217 218
217 219
217 220
218 217
218 219
218 220
219 439
219 217
219 218
219 220
220 217
220 218
220 219
220 221
221 443
221 222
221 223
221 224
222 221
222 223
222 224
223 447
223 221
223 222
223 224
224 221
224 222
224 223
224 225
225 451
225 226
225 227
225 228
226 225
226 227
226 228
227 455
227 225
227 226
227 228
228 225
228 226
228 227
228 229
229 459
229 230
229 231
229 232
230 229
230 231
230 232
231 463
231 229
231 230
231 232
232 229
232 230
232 231
232 233
233 467
233 234
233 235
233 236
234 233
234 235
234 236
235 471
235 233
235 234
235 236
236 233
236 234
236 235
236 237
237 475
237 238
237 239
237 240
238 237
238 239
238 240
239 479
239 237
239 238
239 240
240 237
240 238
240 239
240 241
241 483
241 242
241 243
241 244
242 241
242 243
242 244
243 487
243 241
243 242
243 244
244 241
244 242
244 243
244 245
245 491
245 246
245 247
245 248
246 245
246 247
246 248
247 495
247 245
247 246
247 248
248 245
248 246
248 247
248 249
249 499
249 250
249 251
249 252
250 249
250 251
250 252
251 503
251 249
251 250
251 252
252 249
252 250
252 251
252 253
253 507
253 254
253 255
253 256
254 253
254 255
254 256
255 511
255 253
255 254
255 256
256 253
256 254
256 255
256 257
257 515
257 258
257 259
257 260
258 257
258 259
258 260
259 519
259 257
259 258
259 260
260 257
260 258
260 259
260 261
261 523
261 262
261 263
261 264
262 261
262 263
262 264
263 527
263 261
263 262
263 264
264 261
264 262
264 263
264 265
265 531
265 266
265 267
265 268
266 265
266 267
266 268
267 535
267 265
267 266
267 268
268 265
268 266
268 267
268 269
269 539
269 270
269 271
269 272
270 269
270 271
270 272
271 543
271 269
271 270
271 272
272 269
272 270
272 271
272 273
273 547
273 274
273 275
273 276
274 273
274 275
274 276
275 551
275 273
275 274
275 276
276 273
276 274
276 275
276 277
277 555
277 278
277 279
277 280
278 277
278 279
278 280
279 559
279 277
279 278
279 280
280 277
280 278
280 279
280 281
281 563
281 282
281 283
281 284
282 281
282 283
282 284
283 567
283 281
283 282
283 284
284 281
284 282
284 283
284 285
285 571
285 286
285 287
285 288
286 285
286 287
286 288
287 575
287 285
287 286
287 288
288 285
288 286
288 287
288 289
289 579
289 290
289 291
289 292
290 289
290 291
290 292
291 583
291 289
291 290
291 292
292 289
292 290
292 291
292 293
293 587
293 294
293 295
293 296
294 293
294 295
294 296
295 591
295 293
295 294
295 296
296 293
296 294
296 295
296 297
297 595
297 298
297 299
297 300
298 297
298 299
298 300
299 599
299 297
299 298
299 300
300 297
300 298
300 299
300 301
301 603
301 302
301 303
301 304
302 301
302 303
302 304
303 607
303 301
303 302
303 304
304 301
304 302
304 303
304 305
305 611
305 306
305 307
305 308
306 305
306 307
306 308
307 615
307 305
307 306
307 308
308 305
308 306
308 307
308 309
309 619
309 310
309 311
309 312
310 309
310 311
310 312
311 623
311 309
311 310
311 312
312 309
312 310
312 311
312 313
313 627
313 314
313 315
313 316
314 313
314 315
314 316
315 631
315 313
315 314
315 316
316 313
316 314
316 315
316 317
317 635
317 318
317 319
317 320
318 317
318 319
318 320
319 639
319 317
319 318
319 320
320 317
320 318
320 319
320 321
321 643
321 322
321 323
321 324
322 321
322 323
322 324
323 647
323 321
323 322
323 324
324 321
324 322
324 323
324 325
325 651
325 326
325 327
325 328
326 325
326 327
326 328
327 655
327 325
327 326
327 328
328 325
328 326
328 327
328 329
329 659
329 330
329 331
329 332
330 329
330 331
330 332
331 663
331 329
331 330
331 332
332 329
332 330
332 331
332 333
333 667
333 334
333 335
333 336
334 333
334 335
334 336
335 671
335 333
335 334
335 336
336 333
336 334
336 335
336 337
337 675
337 338
337 339
337 340
338 337
338 339
338 340
339 679
339 337
339 338
339 340
340 337
340 338
340 339
340 341
341 683
341 342
341 343
341 344
342 341
342 343
342 344
343 687
343 341
343 342
343 344
344 341
344 342
344 343
344 345
345 691
345 346
345 347
345 348
346 345
346 347
346 348
347 695
347 345
347 346
347 348
348 345
348 346
348 347
348 349
349 699
349 350
349 351
349 352
350 349
350 351
350 352
351 703
351 349
351 350
351 352
352 349
352 350
352 351
352 353
353 707
353 354
353 355
353 356
354 353
354 355
354 356
355 711
355 353
355 354
355 356
356 353
356 354
356 355
356 357
357 715
357 358
357 359
357 360
358 357
358 359
358 360
359 719
359 357
359 358
359 360
360 357
360 358
360 359
360 361
361 723
361 362
361 363
361 364
362 361
362 363
362 364
363 727
363 361
363 362
363 364
364 361
364 362
364 363
364 365
365 731
365 366
365 367
365 368
366 365
366 367
366 368
367 735
367 365
367 366
367 368
368 365
368 366
368 367
368 369
369 739
369 370
369 371
369 372
370 369
370 371
370 372
371 743
371 369
371 370
371 372
372 369
372 370
372 371
372 373
373 747
373 374
373 375
373 376
374 373
374 375
374 376
375 751
375 373
375 374
375 376
376 373
376 374
376 375
376 377
377 755
377 378
377 379
377 380
378 377
378 379
378 380
379 759
379 377
379 378
379 380
380 377
380 378
380 379
380 381
381 763
381 382
381 383
381 384
382 381
382 383
382 384
383 767
383 381
383 382
383 384
384 381
384 382
384 383
384 385
385 771
385 386
385 387
385 388
386 385
386 387
386 388
387 775
387 385
387 386
387 388
388 385
388 386
388 387
388 389
389 779
389 390
389 391
389 392
390 389
390 391
390 392
391 783
391 389
391 390
391 392
392 389
392 390
392 391
392 393
393 787
393 394
393 395
393 396
394 393
394 395
394 396
395 791
395 393
395 394
395 396
396 393
396 394
396 395
396 397
397 795
397 398
397 399
397 400
398 397
398 399
398 400
399 799
399 397
399 398
399 400
400 397
400 398
400 399
400 401
401 803
401 402
401 403
401 404
402 401
402 403
402 404
403 807
403 401
403 402
403 404
404 401
404 402
404 403
404 405
405 811
405 406
405 407
405 408
406 405
406 407
406 408
407 815
407 405
407 406
407 408
408 405
408 406
408 407
408 409
409 819
409 410
409 411
409 412
410 409
410 411
410 412
411 823
411 409
411 410
411 412
412 409
412 410
412 411
412 413
413 827
413 414
413 415
413 416
414 413
414 415
414 416
415 831
415 413
415 414
415 416
416 413
416 414
416 415
416 417
417 835
417 418
417 419
417 420
418 417
418 419
418 420
419 839
419 417
419 418
419 420
420 417
420 418
420 419
420 421
421 843
421 422
421 423
421 424
422 421
422 423
422 424
423 847
423 421
423 422
423 424
424 421
424 422
424 423
424 425
425 851
425 426
425 427
425 428
426 425
426 427
426 428
427 855
427 425
427 426
427 428
428 425
428 426
428 427
428 429
429 859
429 430
429 431
429 432
430 429
430 431
430 432
431 863
431 429
431 430
431 432
432 429
432 430
432 431
432 433
433 867
433 434
433 435
433 436
434 433
434 435
434 436
435 871
435 433
435 434
435 436
436 433
436 434
436 435
436 437
437 875
437 438
437 439
437 440
438 437
438 439
438 440
439 879
439 437
439 438
439 440
440 437
440 438
440 439
440 441
441 883
441 442
441 443
441 444
442 441
442 443
442 444
443 887
443 441
443 442
443 444
444 441
444 442
444 443
444 445
445 891
445 446
445 447
445 448
446 445
446 447
446 448
447 895
447 445
447 446
447 448
448 445
448 446
448 447
448 449
449 899
449 450
449 451
449 452
450 449
450 451
450 452
451 903
451 449
451 450
451 452
452 449
452 450
452 451
452 453
453 907
453 454
453 455
453 456
454 453
454 455
454 456
455 911
455 453
455 454
455 456
456 453
456 454
456 455
456 457
457 915
457 458
457 459
457 460
458 457
458 459
458 460
459 919
459 457
459 458
459 460
460 457
460 458
460 459
460 461
461 923
461 462
461 463
461 464
462 461
462 463
462 464
463 927
463 461
463 462
463 464
464 461
464 462
464 463
464 465
465 931
465 466
465 467
465 468
466 465
466 467
466 468
467 935
467 465
467 466
467 468
468 465
468 466
468 467
468 469
469 939
469 470
469 471
469 472
470 469
470 471
470 472
471 943
471 469
471 470
471 472
472 469
472 470
472 471
472 473
473 947
473 474
473 475
473 476
474 473
474 475
474 476
475 951
475 473
475 474
475 476
476 473
476 474
476 475
476 477
477 955
477 478
477 479
477 480
478 477
478 479
478 480
479 959
479 477
479 478
479 480
480 477
480 478
480 479
480 481
481 963
481 482
481 483
481 484
482 481
482 483
482 484
483 967
483 481
483 482
483 484
484 481
484 482
484 483
484 485
485 971
485 486
485 487
485 488
486 485
486 487
486 488
487 975
487 485
487 486
487 488
488 485
488 486
488 487
488 489
489 979
489 490
489 491
489 492
490 489
490 491
490 492
491 983
491 489
491 490
491 492
492 489
492 490
492 491
492 493
493 987
493 494
493 495
493 496
494 493
494 495
494 496
495 991
495 493
495 494
495 496
496 493
496 494
496 495
496 497
497 995
497 498
497 499
497 500
498 497
498 499
498 500
499 999
499 497
499 498
499 500
500 497
500 498
500 499
500 501
501 502
501 503
501 504
502 501
502 503
502 504
503 501
503 502
503 504
504 501
504 502
504 503
504 505
505 506
505 507
505 508
506 505
506 507
506 508
507 505
507 506
507 508
508 505
508 506
508 507
508 509
509 510
509 511
509 512
510 509
510 511
510 512
511 509
511 510
511 512
512 509
512 510
512 511
512 513
513 514
513 515
513 516
514 513
514 515
514 516
515 513
515 514
515 516
516 513
516 514
516 515
516 517
517 518
517 519
517 520
518 517
518 519
518 520
519 517
519 518
519 520
520 517
520 518
520 519
520 521
521 522
521 523
521 524
522 521
522 523
522 524
523 521
523 522
523 524
524 521
524 522
524 523
524 525
525 526
525 527
525 528
526 525
526 527
526 528
527 525
527 526
527 528
528 525
528 526
528 527
528 529
529 530
529 531
529 532
530 529
530 531
530 532
531 529
531 530
531 532
532 529
532 530
532 531
532 533
533 534
533 535
533 536
534 533
534 535
534 536
535 533
535 534
535 536
536 533
536 534
536 535
536 537
537 538
537 539
537 540
538 537
538 539
538 540
539 537
539 538
539 540
540 537
540 538
540 539
540 541
541 542
541 543
541 544
542 541
542 543
542 544
543 541
543 542
543 544
544 541
544 542
544 543
544 545
545 546
545 547
545 548
546 545
546 547
546 548
547 545
547 546
547 548
548 545
548 546
548 547
548 549
549 550
549 551
549 552
550 549
550 551
550 552
551 549
551 550
551 552
552 549
552 550
552 551
552 553
553 554
553 555
553 556
554 553
554 555
554 556
555 553
555 554
555 556
556 553
556 554
556 555
556 557
557 558
557 559
557 560
558 557
558 559
558 560
559 557
559 558
559 560
560 557
560 558
560 559
560 561
561 562
561 563
561 564
562 561
562 563
562 564
563 561
563 562
563 564
564 561
564 562
564 563
564 565
565 566
565 567
565 568
566 565
566 567
566 568
567 565
567 566
567 568
568 565
568 566
568 567
568 569
569 570
569 571
569 572
570 569
570 571
570 572
571 569
571 570
571 572
572 569
572 570
572 571
572 573
573 574
573 575
573 576
574 573
574 575
574 576
575 573
575 574
575 576
576 573
576 574
576 575
576 577
577 578
577 579
577 580
578 577
578 579
578 580
579 577
579 578
579 580
580 577
580 578
580 579
580 581
581 582
581 583
581 584
582 581
582 583
582 584
583 581
583 582
583 584
584 581
584 582
584 583
584 585
585 586
585 587
585 588
586 585
586 587
586 588
587 585
587 586
587 588
588 585
588 586
588 587
588 589
589 590
589 591
589 592
590 589
590 591
590 592
591 589
591 590
591 592
592 589
592 590
592 591
592 593
593 594
593 595
593 596
594 593
594 595
594 596
595 593
595 594
595 596
596 593
596 594
596 595
596 597
597 598
597 599
597 600
598 597
598 599
598 600
599 597
599 598
599 600
600 597
600 598
600 599
600 601
601 602
601 603
601 604
602 601
602 603
602 604
603 601
603 602
603 604
604 601
604 602
604 603
604 605
605 606
605 607
605 608
606 605
606 607
606 608
607 605
607 606
607 608
608 605
608 606
608 607
608 609
609 610
609 611
609 612
610 609
610 611
610 612
611 609
611 610
611 612
612 609
612 610
612 611
612 613
613 614
613 615
613 616
614 613
614 615
614 616
615 613
615 614
615 616
616 613
616 614
616 615
616 617
617 618
617 619
617 620
618 617
618 619
618 620
619 617
619 618
619 620
620 617
620 618
620 619
620 621
621 622
621 623
621 624
622 621
622 623
622 624
623 621
623 622
623 624
624 621
624 622
624 623
624 625
625 626
625 627
625 628
626 625
626 627
626 628
627 625
627 626
627 628
628 625
628 626
628 627
628 629
629 630
629 631
629 632
630 629
630 631
630 632
631 629
631 630
631 632
632 629
632 630
632 631
632 633
633 634
633 635
633 636
634 633
634 635
634 636
635 633
635 634
635 636
636 633
636 634
636 635
636 637
637 638
637 639
637 640
638 637
638 639
638 640
639 637
639 638
639 640
640 637
640 638
640 639
640 641
641 642
641 643
641 644
642 641
642 643
642 644
643 641
643 642
643 644
644 641
644 642
644 643
644 645
645 646
645 647
645 648
646 645
646 647
646 648
647 645
647 646
647 648
648 645
648 646
648 647
648 649
649 650
649 651
649 652
650 649
650 651
650 652
651 649
651 650
651 652
652 649
652 650
652 651
652 653
653 654
653 655
653 656
654 653
654 655
654 656
655 653
655 654
655 656
656 653
656 654
656 655
656 657
657 658
657 659
657 660
658 657
658 659
658 660
659 657
659 658
659 660
660 657
660 658
660 659
660 661
661 662
661 663
661 664
662 661
662 663
662 664
663 661
663 662
663 664
664 661
664 662
664 663
664 665
665 666
665 667
665 668
666 665
666 667
666 668
667 665
667 666
667 668
668 665
668 666
668 667
668 669
669 670
669 671
669 672
670 669
670 671
670 672
671 669
671 670
671 672
672 669
672 670
672 671
672 673
673 674
673 675
673 676
674 673
674 675
674 676
675 673
675 674
675 676
676 673
676 674
676 675
676 677
677 678
677 679
677 680
678 677
678 679
678 680
679 677
679 678
679 680
680 677
680 678
680 679
680 681
681 682
681 683
681 684
682 681
682 683
682 684
683 681
683 682
683 684
684 681
684 682
684 683
684 685
685 686
685 687
685 688
686 685
686 687
686 688
687 685
687 686
687 688
688 685
688 686
688 687
688 689
689 690
689 691
689 692
690 689
690 691
690 692
691 689
691 690
691 692
692 689
692 690
692 691
692 693
693 694
693 695
693 696
694 693
694 695
694 696
695 693
695 694
695 696
696 693
696 694
696 695
696 697
697 698
697 699
697 700
698 697
698 699
698 700
699 697
699 698
699 700
700 697
700 698
700 699
700 701
701 702
701 703
701 704
702 701
702 703
702 704
703 701
703 702
703 704
704 701
704 702
704 703
704 705
705 706
705 707
705 708
706 705
706 707
706 708
707 705
707 706
707 708
708 705
708 706
708 707
708 709
709 710
709 711
709 712
710 709
710 711
710 712
711 709
711 710
711 712
712 709
712 710
712 711
712 713
713 714
713 715
713 716
714 713
714 715
714 716
715 713
715 714
715 716
716 713
716 714
716 715
716 717
717 718
717 719
717 720
718 717
718 719
718 720
719 717
719 718
719 720
720 717
720 718
720 719
720 721
721 722
721 723
721 724
722 721
722 723
722 724
723 721
723 722
723 724
724 721
724 722
724 723
724 725
725 726
725 727
725 728
726 725
726 727
726 728
727 725
727 726
727 728
728 725
728 726
728 727
728 729
729 730
729 731
729 732
730 729
730 731
730 732
731 729
731 730
731 732
732 729
732 730
732 731
732 733
733 734
733 735
733 736
734 733
734 735
734 736
735 733
735 734
735 736
736 733
736 734
736 735
736 737
737 738
737 739
737 740
738 737
738 739
738 740
739 737
739 738
739 740
740 737
740 738
740 739
740 741
741 742
741 743
741 744
742 741
742 743
742 744
743 741
743 742
743 744
744 741
744 742
744 743
744 745
745 746
745 747
745 748
746 745
746 747
746 748
747 745
747 746
747 748
748 745
748 746
748 747
748 749
749 750
749 751
749 752
750 749
750 751
750 752
751 749
751 750
751 752
752 749
752 750
752 751
752 753
753 754
753 755
753 756
754 753
754 755
754 756
755 753
755 754
755 756
756 753
756 754
756 755
756 757
757 758
757 759
757 760
758 757
758 759
758 760
759 757
759 758
759 760
760 757
760 758
760 759
760 761
761 762
761 763
761 764
762 761
762 763
762 764
763 761
763 762
763 764
764 761
764 762
764 763
764 765
765 766
765 767
765 768
766 765
766 767
766 768
767 765
767 766
767 768
768 765
768 766
768 767
768 769
769 770
769 771
769 772
770 769
770 771
770 772
771 769
771 770
771 772
772 769
772 770
772 771
772 773
773 774
773 775
773 776
774 773
774 775
774 776
775 773
775 774
775 776
776 773
776 774
776 775
776 777
777 778
777 779
777 780
778 777
778 779
778 780
779 777
779 778
779 780
780 777
780 778
780 779
780 781
781 782
781 783
781 784
782 781
782 783
782 784
783 781
783 782
783 784
784 781
784 782
784 783
784 785
785 786
785 787
785 788
786 785
786 787
786 788
787 785
787 786
787 788
788 785
788 786
788 787
788 789
789 790
789 791
789 792
790 789
790 791
790 792
791 789
791 790
791 792
792 789
792 790
792 791
792 793
793 794
793 795
793 796
794 793
794 795
794 796
795 793
795 794
795 796
796 793
796 794
796 795
796 797
797 798
797 799
797 800
798 797
798 799
798 800
799 797
799 798
799 800
800 797
800 798
800 799
800 801
801 802
801 803
801 804
802 801
802 803
802 804
803 801
803 802
803 804
804 801
804 802
804 803
804 805
805 806
805 807
805 808
806 805
806 807
806 808
807 805
807 806
807 808
808 805
808 806
808 807
808 809
809 810
809 811
809 812
810 809
810 811
810 812
811 809
811 810
811 812
812 809
812 810
812 811
812 813
813 814
813 815
813 816
814 813
814 815
814 816
815 813
815 814
815 816
816 813
816 814
816 815
816 817
817 818
817 819
817 820
818 817
818 819
818 820
819 817
819 818
819 820
820 817
820 818
820 819
820 821
821 822
821 823
821 824
822 821
822 823
822 824
823 821
823 822
823 824
824 821
824 822
824 823
824 825
825 826
825 827
825 828
826 825
826 827
826 828
827 825
827 826
827 828
828 825
828 826
828 827
828 829
829 830
829 831
829 832
830 829
830 831
830 832
831 829
831 830
831 832
832 829
832 830
832 831
832 833
833 834
833 835
833 836
834 833
834 835
834 836
835 833
835 834
835 836
836 833
836 834
836 835
836 837
837 838
837 839
837 840
838 837
838 839
838 840
839 837
839 838
839 840
840 837
840 838
840 839
840 841
841 842
841 843
841 844
842 841
842 843
842 844
843 841
843 842
843 844
844 841
844 842
844 843
844 845
845 846
845 847
845 848
846 845
846 847
846 848
847 845
847 846
847 848
848 845
848 846
848 847
848 849
849 850
849 851
849 852
850 849
850 851
850 852
851 849
851 850
851 852
852 849
852 850
852 851
852 853
853 854
853 855
853 856
854 853
854 855
854 856
855 853
855 854
855 856
856 853
856 854
856 855
856 857
857 858
857 859
857 860
858 857
858 859
858 860
859 857
859 858
859 860
860 857
860 858
860 859
860 861
861 862
861 863
861 864
862 861
862 863
862 864
863 861
863 862
863 864
864 861
864 862
864 863
864 865
865 866
865 867
865 868
866 865
866 867
866 868
867 865
867 866
867 868
868 865
868 866
868 867
868 869
869 870
869 871
869 872
870 869
870 871
870 872
871 869
871 870
871 872
872 869
872 870
872 871
872 873
873 874
873 875
873 876
874 873
874 875
874 876
875 873
875 874
875 876
876 873
876 874
876 875
876 877
877 878
877 879
877 880
878 877
878 879
878 880
879 877
879 878
879 880
880 877
880 878
880 879
880 881
881 882
881 883
881 884
882 881
882 883
882 884
883 881
883 882
883 884
884 881
884 882
884 883
884 885
885 886
885 887
885 888
886 885
886 887
886 888
887 885
887 886
887 888
888 885
888 886
888 887
888 889
889 890
889 891
889 892
890 889
890 891
890 892
891 889
891 890
891 892
892 889
892 890
892 891
892 893
893 894
893 895
893 896
894 893
894 895
894 896
895 893
895 894
895 896
896 893
896 894
896 895
896 897
897 898
897 899
897 900
898 897
898 899
898 900
899 897
899 898
899 900
900 897
900 898
900 899
900 901
901 902
901 903
901 904
902 901
902 903
902 904
903 901
903 902
903 904
904 901
904 902
904 903
904 905
905 906
905 907
905 908
906 905
906 907
906 908
907 905
907 906
907 908
908 905
908 906
908 907
908 909
909 910
909 911
909 912
910 909
910 911
910 912
911 909
911 910
911 912
912 909
912 910
912 911
912 913
913 914
913 915
913 916
914 913
914 915
914 916
915 913
915 914
915 916
916 913
916 914
916 915
916 917
917 918
917 919
917 920
918 917
918 919
918 920
919 917
919 918
919 920
920 917
920 918
920 919
920 921
921 922
921 923
921 924
922 921
922 923
922 924
923 921
923 922
923 924
924 921
924 922
924 923
924 925
925 926
925 927
925 928
926 925
926 927
926 928
927 925
927 926
927 928
928 925
928 926
928 927
928 929
929 930
929 931
929 932
930 929
930 931
930 932
931 929
931 930
931 932
932 929
932 930
932 931
932 933
933 934
933 935
933 936
934 933
934 935
934 936
935 933
935 934
935 936
936 933
936 934
936 935
936 937
937 938
937 939
937 940
938 937
938 939
938 940
939 937
939 938
939 940
940 937
940 938
940 939
940 941
941 942
941 943
941 944
942 941
942 943
942 944
943 941
943 942
943 944
944 941
944 942
944 943
944 945
945 946
945 947
945 948
946 945
946 947
946 948
947 945
947 946
947 948
948 945
948 946
948 947
948 949
949 950
949 951
949 952
950 949
950 951
950 952
951 949
951 950
951 952
952 949
952 950
952 951
952 953
953 954
953 955
953 956
954 953
954 955
954 956
955 953
955 954
955 956
956 953
956 954
956 955
956 957
957 958
957 959
957 960
958 957
958 959
958 960
959 957
959 958
959 960
960 957
960 958
960 959
960 961
961 962
961 963
961 964
962 961
962 963
962 964
963 961
963 962
963 964
964 961
964 962
964 963
964 965
965 966
965 967
965 968
966 965
966 967
966 968
967 965
967 966
967 968
968 965
968 966
968 967
968 969
969 970
969 971
969 972
970 969
970 971
970 972
971 969
971 970
971 972
972 969
972 970
972 971
972 973
973 974
973 975
973 976
974 973
974 975
974 976
975 973
975 974
975 976
976 973
976 974
976 975
976 977
977 978
977 979
977 980
978 977
978 979
978 980
979 977
979 978
979 980
980 977
980 978
980 979
980 981
981 982
981 983
981 984
982 981
982 983
982 984
983 981
983 982
983 984
984 981
984 982
984 983
984 985
985 986
985 987
985 988
986 985
986 987
986 988
987 985
987 986
987 988
988 985
988 986
988 987
988 989
989 990
989 991
989 992
990 989
990 991
990 992
991 989
991 990
991 992
992 989
992 990
992 991
992 993
993 994
993 995
993 996
994 993
994 995
994 996
995 993
995 994
995 996
996 993
996 994
996 995
996 997
997 998
997 999
997 1000
998 997
998 999
998 1000
999 997
999 998
999 1000
1000 997
1000 998
1000 999
