2000 6999
1 2
1 3
1 4
2 1
2 3
2 4
3 7
3 1
3 2
3 4
4 1
4 2
4 3
4 5
5 11
5 6
5 7
5 8
6 5
6 7
6 8
7 15
7 5
7 6
7 8
8 5
8 6
8 7
8 9
9 19
9 10
9 11
9 12
10 9
10 11
10 12
11 23
11 9
11 10
11 12
12 9
12 10
12 11
12 13
13 27
13 14
13 15
13 16
14 13
14 15
14 16
15 31
15 13
15 14
15 16
16 13
16 14
16 15
16 17
17 35
17 18
17 19
17 20
18 17
18 19
18 20
19 39
19 17
19 18
19 20
20 17
20 18
20 19
20 21
21 43
21 22
21 23
21 24
22 21
22 23
22 24
23 47
23 21
23 22
23 24
24 21
24 22
24 23
24 25
25 51
25 26
25 27
25 28
26 25
26 27
26 28
27 55
27 25
27 26
27 28
28 25
28 26
28 27
28 29
29 59
29 30
29 31
29 32
30 29
30 31
30 32
31 63
31 29
31 30
31 32
32 29
32 30
32 31
32 33
33 67
33 34
33 35
33 36
34 33
34 35
34 36
35 71
35 33
35 34
35 36
36 33
36 34
36 35
36 37
37 75
37 38
37 39
37 40
38 37
38 39
38 40
39 79
39 37
39 38
39 40
40 37
40 38
40 39
40 41
41 83
41 42
41 43
41 44
42 41
42 43
42 44
43 87
43 41
43 42
43 44
44 41
44 42
44 43
44 45
45 91
45 46
45 47
45 48
46 45
46 47
46 48
47 95
47 45
47 46
47 48
48 45
48 46
48 47
48 49
49 99
49 50
49 51
49 52
50 49
50 51
50 52
51 103
51 49
51 50
51 52
52 49
52 50
52 51
52 53
53 107
53 54
53 55
53 56
54 53
54 55
54 56
55 111
55 53
55 54
55 56
56 53
56 54
56 55
56 57
57 115
57 58
57 59
57 60
58 57
58 59
58 60
59 119
59 57
59 58
59 60
60 57
60 58
60 59
60 61
61 123
61 62
61 63
61 64
62 61
62 63
62 64
63 127
63 61
63 62
63 64
64 61
64 62
64 63
64 65
65 131
65 66
65 67
65 68
66 65
66 67
66 68
67 135
67 65
67 66
67 68
68 65
68 66
68 67
68 69
69 139
69 70
69 71
69 72
70 69
70 71
70 72
71 143
71 69
71 70
71 72
72 69
72 70
72 71
72 73
73 147
73 74
73 75
73 76
74 73
74 75
74 76
75 151
75 73
75 74
75 76
76 73
76 74
76 75
76 77
77 155
77 78
77 79
77 80
78 77
78 79
78 80
79 159
79 77
79 78
79 80
80 77
80 78
80 79
80 81
81 163
81 82
81 83
81 84
82 81
82 83
82 84
83 167
83 81
83 82
83 84
84 81
84 82
84 83
84 85
85 171
85 86
85 87
85 88
86 85
86 87
86 88
87 175
87 85
87 86
87 88
88 85
88 86
88 87
88 89
89 179
89 90
89 91
89 92
90 89
90 91
90 92
91 183
91 89
91 90
91 92
92 89
92 90
92 91
92 93
93 187
93 94
93 95
93 96
94 93
94 95
94 96
95 191
95 93
95 94
95 96
96 93
96 94
96 95
96 97
97 195
97 98
97 99
97 100
98 97
98 99
98 100
99 199
99 97
99 98
99 100
100 97
100 98
100 99
100 101
101 203
101 102
101 103
101 104
102 101
102 103
102 104
103 207
103 101
103 102
103 104
104 101
104 102
104 103
104 105
105 211
105 106
105 107
105 108
106 105
106 107
106 108
107 215
107 105
107 106
107 108
108 105
108 106
108 107
108 109
109 219
109 110
109 111
109 112
110 109
110 111
110 112
111 223
111 109
111 110
111 112
112 109
112 110
112 111
112 113
113 227
113 114
113 115
113 116
114 113
114 115
114 116
115 231
115 113
115 114
115 116
116 113
116 114
116 115
116 117
117 235
117 118
117 119
117 120
118 117
118 119
118 120
119 239
119 117
119 118
119 120
120 117
120 118
120 119
120 121
121 243
121 122
121 123
121 124
122 121
122 123
122 124
123 247
123 121
123 122
123 124
124 121
124 122
124 123
124 125
125 251
125 126
125 127
125 128
126 125
126 127
126 128
127 255
127 125
127 126
127 128
128 125
128 126
128 127
128 129
129 259
129 130
129 131
129 132
130 129
130 131
130 132
131 263
131 129
131 130
131 132
132 129
132 130
132 131
132 133
133 267
133 134
133 135
133 136
134 133
134 135
134 136
135 271
135 133
135 134
135 136
136 133
136 134
136 135
136 137
137 275
137 138
137 139
137 140
138 137
138 139
138 140
139 279
139 137
139 138
139 140
140 137
140 138
140 139
140 141
141 283
141 142
141 143
141 144
142 141
142 143
142 144
143 287
143 141
143 142
143 144
144 141
144 142
144 143
144 145
145 291
145 146
145 147
145 148
146 145
146 147
146 148
147 295
147 145
147 146
147 148
148 145
148 146
148 147
148 149
149 299
149 150
149 151
149 152
150 149
150 151
150 152
151 303
151 149
151 150
151 152
152 149
152 150
152 151
152 153
153 307
153 154
153 155
153 156
154 153
154 155
154 156
155 311
155 153
155 154
155 156
156 153
156 154
156 155
156 157
157 315
157 158
157 159
157 160
158 157
158 159
158 160
159 319
159 157
159 158
159 160
160 157
160 158
160 159
160 161
161 323
161 162
161 163
161 164
162 161
162 163
162 164
163 327
163 161
163 162
163 164
164 161
164 162
164 163
164 165
165 331
165 166
165 167
165 168
166 165
166 167
166 168
167 335
167 165
167 166
167 168
168 165
168 166
168 167
168 169
169 339
169 170
169 171
169 172
170 169
170 171
170 172
171 343
171 169
171 170
171 172
172 169
172 170
172 171
172 173
173 347
173 174
173 175
173 176
174 173
174 175
174 176
175 351
175 173
175 174
175 176
176 173
176 174
176 175
176 177
177 355
177 178
177 179
177 180
178 177
178 179
178 180
179 359
179 177
179 178
179 180
180 177
180 178
180 179
180 181
181 363
181 182
181 183
181 184
182 181
182 183
182 184
183 367
183 181
183 182
183 184
184 181
184 182
184 183
184 185
185 371
185 186
185 187
185 188
186 185
186 187
186 188
187 375
187 185
187 186
187 188
188 185
188 186
188 187
188 189
189 379
189 190
189 191
189 192
190 189
190 191
190 192
191 383
191 189
191 190
191 192
192 189
192 190
192 191
192 193
193 387
193 194
193 195
193 196
194 193
194 195
194 196
195 391
195 193
195 194
195 196
196 193
196 194
196 195
196 197
197 395
197 198
197 199
197 200
198 197
198 199
198 200
199 399
199 197
199 198
199 200
200 197
200 198
200 199
200 201
201 403
201 202
201 203
201 204
202 201
202 203
202 204
203 407
203 201
203 202
203 204
204 201
204 202
204 203
204 205
205 411
205 206
205 207
205 208
206 205
206 207
206 208
207 415
207 205
207 206
207 208
208 205
208 206
208 207
208 209
209 419
209 210
209 211
209 212
210 209
210 211
210 212
211 423
211 209
211 210
211 212
212 209
212 210
212 211
212 213
213 427
213 214
213 215
213 216
214 213
214 215
214 216
215 431
215 213
215 214
215 216
216 213
216 214
216 215
216 217
217 435
217 218
217 219
217 220
218 217
218 219
218 220
219 439
219 217
219 218
219 220
220 217
220 218
220 219
220 221
221 443
221 222
221 223
221 224
222 221
222 223
222 224
223 447
223 221
223 222
223 224
224 221
224 222
224 223
224 225
225 451
225 226
225 227
225 228
226 225
226 227
226 228
227 455
227 225
227 226
227 228
228 225
228 226
228 227
228 229
229 459
229 230
229 231
229 232
230 229
230 231
230 232
231 463
231 229
231 230
231 232
232 229
232 230
232 231
232 233
233 467
233 234
233 235
233 236
234 233
234 235
234 236
235 471
235 233
235 234
235 236
236 233
236 234
236 235
236 237
237 475
237 238
237 239
237 240
238 237
238 239
238 240
239 479
239 237
239 238
239 240
240 237
240 238
240 239
240 241
241 483
241 242
241 243
241 244
242 241
242 243
242 244
243 487
243 241
243 242
243 244
244 241
244 242
244 243
244 245
245 491
245 246
245 247
245 248
246 245
246 247
246 248
247 495
247 245
247 246
247 248
248 245
248 246
248 247
248 249
249 499
249 250
249 251
249 252
250 249
250 251
250 252
251 503
251 249
251 250
251 252
252 249
252 250
252 251
252 253
253 507
253 254
253 255
253 256
254 253
254 255
254 256
255 511
255 253
255 254
255 256
256 253
256 254
256 255
256 257
257 515
257 258
257 259
257 260
258 257
258 259
258 260
259 519
259 257
259 258
259 260
260 257
260 258
260 259
260 261
261 523
261 262
261 263
261 264
262 261
262 263
262 264
263 527
263 261
263 262
263 264
264 261
264 262
264 263
264 265
265 531
265 266
265 267
265 268
266 265
266 267
266 268
267 535
267 265
267 266
267 268
268 265
268 266
268 267
268 269
269 539
269 270
269 271
269 272
270 269
270 271
270 272
271 543
271 269
271 270
271 272
272 269
272 270
272 271
272 273
273 547
273 274
273 275
273 276
274 273
274 275
274 276
275 551
275 273
275 274
275 276
276 273
276 274
276 275
276 277
277 555
277 278
277 279
277 280
278 277
278 279
278 280
279 559
279 277
279 278
279 280
280 277
280 278
280 279
280 281
281 563
281 282
281 283
281 284
282 281
282 283
282 284
283 567
283 281
283 282
283 284
284 281
284 282
284 283
284 285
285 571
285 286
285 287
285 288
286 285
286 287
286 288
287 575
287 285
287 286
287 288
288 285
288 286
288 287
288 289
289 579
289 290
289 291
289 292
290 289
290 291
290 292
291 583
291 289
291 290
291 292
292 289
292 290
292 291
292 293
293 587
293 294
293 295
293 296
294 293
294 295
294 296
295 591
295 293
295 294
295 296
296 293
296 294
296 295
296 297
297 595
297 298
297 299
297 300
298 297
298 299
298 300
299 599
299 297
299 298
299 300
300 297
300 298
300 299
300 301
301 603
301 302
301 303
301 304
302 301
302 303
302 304
303 607
303 301
303 302
303 304
304 301
304 302
304 303
304 305
305 611
305 306
305 307
305 308
306 305
306 307
306 308
307 615
307 305
307 306
307 308
308 305
308 306
308 307
308 309
309 619
309 310
309 311
309 312
310 309
310 311
310 312
311 623
311 309
311 310
311 312
312 309
312 310
312 311
312 313
313 627
313 314
313 315
313 316
314 313
314 315
314 316
315 631
315 313
315 314
315 316
316 313
316 314
316 315
316 317
317 635
317 318
317 319
317 320
318 317
318 319
318 320
319 639
319 317
319 318
319 320
320 317
320 318
320 319
320 321
321 643
321 322
321 323
321 324
322 321
322 323
322 324
323 647
323 321
323 322
323 324
324 321
324 322
324 323
324 325
325 651
325 326
325 327
325 328
326 325
326 327
326 328
327 655
327 325
327 326
327 328
328 325
328 326
328 327
328 329
329 659
329 330
329 331
329 332
330 329
330 331
330 332
331 663
331 329
331 330
331 332
332 329
332 330
332 331
332 333
333 667
333 334
333 335
333 336
334 333
334 335
334 336
335 671
335 333
335 334
335 336
336 333
336 334
336 335
336 337
337 675
337 338
337 339
337 340
338 337
338 339
338 340
339 679
339 337
339 338
339 340
340 337
340 338
340 339
340 341
341 683
341 342
341 343
341 344
342 341
342 343
342 344
343 687
343 341
343 342
343 344
344 341
344 342
344 343
344 345
345 691
345 346
345 347
345 348
346 345
346 347
346 348
347 695
347 345
347 346
347 348
348 345
348 346
348 347
348 349
349 699
349 350
349 351
349 352
350 349
350 351
350 352
351 703
351 349
351 350
351 352
352 349
352 350
352 351
352 353
353 707
353 354
353 355
353 356
354 353
354 355
354 356
355 711
355 353
355 354
355 356
356 353
356 354
356 355
356 357
357 715
357 358
357 359
357 360
358 357
358 359
358 360
359 719
359 357
359 358
359 360
360 357
360 358
360 359
360 361
361 723
361 362
361 363
361 364
362 361
362 363
362 364
363 727
363 361
363 362
363 364
364 361
364 362
364 363
364 365
365 731
365 366
365 367
365 368
366 365
366 367
366 368
367 735
367 365
367 366
367 368
368 365
368 366
368 367
368 369
369 739
369 370
369 371
369 372
370 369
370 371
370 372
371 743
371 369
371 370
371 372
372 369
372 370
372 371
372 373
373 747
373 374
373 375
373 376
374 373
374 375
374 376
375 751
375 373
375 374
375 376
376 373
376 374
376 375
376 377
377 755
377 378
377 379
377 380
378 377
378 379
378 380
379 759
379 377
379 378
379 380
380 377
380 378
380 379
380 381
381 763
381 382
381 383
381 384
382 381
382 383
382 384
383 767
383 381
383 382
383 384
384 381
384 382
384 383
384 385
385 771
385 386
385 387
385 388
386 385
386 387
386 388
387 775
387 385
387 386
387 388
388 385
388 386
388 387
388 389
389 779
389 390
389 391
389 392
390 389
390 391
390 392
391 783
391 389
391 390
391 392
392 389
392 390
392 391
392 393
393 787
393 394
393 395
393 396
394 393
394 395
394 396
395 791
395 393
395 394
395 396
396 393
396 394
396 395
396 397
397 795
397 398
397 399
397 400
398 397
398 399
398 400
399 799
399 397
399 398
399 400
400 397
400 398
400 399
400 401
401 803
401 402
401 403
401 404
402 401
402 403
402 404
403 807
403 401
403 402
403 404
404 401
404 402
404 403
404 405
405 811
405 406
405 407
405 408
406 405
406 407
406 408
407 815
407 405
407 406
407 408
408 405
408 406
408 407
408 409
409 819
409 410
409 411
409 412
410 409
410 411
410 412
411 823
411 409
411 410
411 412
412 409
412 410
412 411
412 413
413 827
413 414
413 415
413 416
414 413
414 415
414 416
415 831
415 413
415 414
415 416
416 413
416 414
416 415
416 417
417 835
417 418
417 419
417 420
418 417
418 419
418 420
419 839
419 417
419 418
419 420
420 417
420 418
420 419
420 421
421 843
421 422
421 423
421 424
422 421
422 423
422 424
423 847
423 421
423 422
423 424
424 421
424 422
424 423
424 425
425 851
425 426
425 427
425 428
426 425
426 427
426 428
427 855
427 425
427 426
427 428
428 425
428 426
428 427
428 429
429 859
429 430
429 431
429 432
430 429
430 431
430 432
431 863
431 429
431 430
431 432
432 429
432 430
432 431
432 433
433 867
433 434
433 435
433 436
434 433
434 435
434 436
435 871
435 433
435 434
435 436
436 433
436 434
436 435
436 437
437 875
437 438
437 439
437 440
438 437
438 439
438 440
439 879
439 437
439 438
439 440
440 437
440 438
440 439
440 441
441 883
441 442
441 443
441 444
442 441
442 443
442 444
443 887
443 441
443 442
443 444
444 441
444 442
444 443
444 445
445 891
445 446
445 447
445 448
446 445
446 447
446 448
447 895
447 445
447 446
447 448
448 445
448 446
448 447
448 449
449 899
449 450
449 451
449 452
450 449
450 451
450 452
451 903
451 449
451 450
451 452
452 449
452 450
452 451
452 453
453 907
453 454
453 455
453 456
454 453
454 455
454 456
455 911
455 453
455 454
455 456
456 453
456 454
456 455
456 457
457 915
457 458
457 459
457 460
458 457
458 459
458 460
459 919
459 457
459 458
459 460
460 457
460 458
460 459
460 461
461 923
461 462
461 463
461 464
462 461
462 463
462 464
463 927
463 461
463 462
463 464
464 461
464 462
464 463
464 465
465 931
465 466
465 467
465 468
466 465
466 467
466 468
467 935
467 465
467 466
467 468
468 465
468 466
468 467
468 469
469 939
469 470
469 471
469 472
470 469
470 471
470 472
471 943
471 469
471 470
471 472
472 469
472 470
472 471
472 473
473 947
473 474
473 475
473 476
474 473
474 475
474 476
475 951
475 473
475 474
475 476
476 473
476 474
476 475
476 477
477 955
477 478
477 479
477 480
478 477
478 479
478 480
479 959
479 477
479 478
479 480
480 477
480 478
480 479
480 481
481 963
481 482
481 483
481 484
482 481
482 483
482 484
483 967
483 481
483 482
483 484
484 481
484 482
484 483
484 485
485 971
485 486
485 487
485 488
486 485
486 487
486 488
487 975
487 485
487 486
487 488
488 485
488 486
488 487
488 489
489 979
489 490
489 491
489 492
490 489
490 491
490 492
491 983
491 489
491 490
491 492
492 489
492 490
492 491
492 493
493 987
493 494
493 495
493 496
494 493
494 495
494 496
495 991
495 493
495 494
495 496
496 493
496 494
496 495
496 497
497 995
497 498
497 499
497 500
498 497
498 499
498 500
499 999
499 497
499 498
499 500
500 497
500 498
500 499
500 501
501 1003
501 502
501 503
501 504
502 501
502 503
502 504
503 1007
503 501
503 502
503 504
504 501
504 502
504 503
504 505
505 1011
505 506
505 507
505 508
506 505
506 507
506 508
507 1015
507 505
507 506
507 508
508 505
508 506
508 507
508 509
509 1019
509 510
509 511
509 512
510 509
510 511
510 512
511 1023
511 509
511 510
511 512
512 509
512 510
512 511
512 513
513 1027
513 514
513 515
513 516
514 513
514 515
514 516
515 1031
515 513
515 514
515 516
516 513
516 514
516 515
516 517
517 1035
517 518
517 519
517 520
518 517
518 519
518 520
519 1039
519 517
519 518
519 520
520 517
520 518
520 519
520 521
521 1043
521 522
521 523
521 524
522 521
522 523
522 524
523 1047
523 521
523 522
523 524
524 521
524 522
524 523
524 525
525 1051
525 526
525 527
525 528
526 525
526 527
526 528
527 1055
527 525
527 526
527 528
528 525
528 526
528 527
528 529
529 1059
529 530
529 531
529 532
530 529
530 531
530 532
531 1063
531 529
531 530
531 532
532 529
532 530
532 531
532 533
533 1067
533 534
533 535
533 536
534 533
534 535
534 536
535 1071
535 533
535 534
535 536
536 533
536 534
536 535
536 537
537 1075
537 538
537 539
537 540
538 537
538 539
538 540
539 1079
539 537
539 538
539 540
540 537
540 538
540 539
540 541
541 1083
541 542
541 543
541 544
542 541
542 543
542 544
543 1087
543 541
543 542
543 544
544 541
544 542
544 543
544 545
545 1091
545 546
545 547
545 548
546 545
546 547
546 548
547 1095
547 545
547 546
547 548
548 545
548 546
548 547
548 549
549 1099
549 550
549 551
549 552
550 549
550 551
550 552
551 1103
551 549
551 550
551 552
552 549
552 550
552 551
552 553
553 1107
553 554
553 555
553 556
554 553
554 555
554 556
555 1111
555 553
555 554
555 556
556 553
556 554
556 555
556 557
557 1115
557 558
557 559
557 560
558 557
558 559
558 560
559 1119
559 557
559 558
559 560
560 557
560 558
560 559
560 561
561 1123
561 562
561 563
561 564
562 561
562 563
562 564
563 1127
563 561
563 562
563 564
564 561
564 562
564 563
564 565
565 1131
565 566
565 567
565 568
566 565
566 567
566 568
567 1135
567 565
567 566
567 568
568 565
568 566
568 567
568 569
569 1139
569 570
569 571
569 572
570 569
570 571
570 572
571 1143
571 569
571 570
571 572
572 569
572 570
572 571
572 573
573 1147
573 574
573 575
573 576
574 573
574 575
574 576
575 1151
575 573
575 574
575 576
576 573
576 574
576 575
576 577
577 1155
577 578
577 579
577 580
578 577
578 579
578 580
579 1159
579 577
579 578
579 580
580 577
580 578
580 579
580 581
581 1163
581 582
581 583
581 584
582 581
582 583
582 584
583 1167
583 581
583 582
583 584
584 581
584 582
584 583
584 585
585 1171
585 586
585 587
585 588
586 585
586 587
586 588
587 1175
587 585
587 586
587 588
588 585
588 586
588 587
588 589
589 1179
589 590
589 591
589 592
590 589
590 591
590 592
591 1183
591 589
591 590
591 592
592 589
592 590
592 591
592 593
593 1187
593 594
593 595
593 596
594 593
594 595
594 596
595 1191
595 593
595 594
595 596
596 593
596 594
596 595
596 597
597 1195
597 598
597 599
597 600
598 597
598 599
598 600
599 1199
599 597
599 598
599 600
600 597
600 598
600 599
600 601
601 1203
601 602
601 603
601 604
602 601
602 603
602 604
603 1207
603 601
603 602
603 604
604 601
604 602
604 603
604 605
605 1211
605 606
605 607
605 608
606 605
606 607
606 608
607 1215
607 605
607 606
607 608
608 605
608 606
608 607
608 609
609 1219
609 610
609 611
609 612
610 609
610 611
610 612
611 1223
611 609
611 610
611 612
612 609
612 610
612 611
612 613
613 1227
613 614
613 615
613 616
614 613
614 615
614 616
615 1231
615 613
615 614
615 616
616 613
616 614
616 615
616 617
617 1235
617 618
617 619
617 620
618 617
618 619
618 620
619 1239
619 617
619 618
619 620
620 617
620 618
620 619
620 621
621 1243
621 622
621 623
621 624
622 621
622 623
622 624
623 1247
623 621
623 622
623 624
624 621
624 622
624 623
624 625
625 1251
625 626
625 627
625 628
626 625
626 627
626 628
627 1255
627 625
627 626
627 628
628 625
628 626
628 627
628 629
629 1259
629 630
629 631
629 632
630 629
630 631
630 632
631 1263
631 629
631 630
631 632
632 629
632 630
632 631
632 633
633 1267
633 634
633 635
633 636
634 633
634 635
634 636
635 1271
635 633
635 634
635 636
636 633
636 634
636 635
636 637
637 1275
637 638
637 639
637 640
638 637
638 639
638 640
639 1279
639 637
639 638
639 640
640 637
640 638
640 639
640 641
641 1283
641 642
641 643
641 644
642 641
642 643
642 644
643 1287
643 641
643 642
643 644
644 641
644 642
644 643
644 645
645 1291
645 646
645 647
645 648
646 645
646 647
646 648
647 1295
647 645
647 646
647 648
648 645
648 646
648 647
648 649
649 1299
649 650
649 651
649 652
650 649
650 651
650 652
651 1303
651 649
651 650
651 652
652 649
652 650
652 651
652 653
653 1307
653 654
653 655
653 656
654 653
654 655
654 656
655 1311
655 653
655 654
655 656
656 653
656 654
656 655
656 657
657 1315
657 658
657 659
657 660
658 657
658 659
658 660
659 1319
659 657
659 658
659 660
660 657
660 658
660 659
660 661
661 1323
661 662
661 663
661 664
662 661
662 663
662 664
663 1327
663 661
663 662
663 664
664 661
664 662
664 663
664 665
665 1331
665 666
665 667
665 668
666 665
666 667
666 668
667 1335
667 665
667 666
667 668
668 665
668 666
668 667
668 669
669 1339
669 670
669 671
669 672
670 669
670 671
670 672
671 1343
671 669
671 670
671 672
672 669
672 670
672 671
672 673
673 1347
673 674
673 675
673 676
674 673
674 675
674 676
675 1351
675 673
675 674
675 676
676 673
676 674
676 675
676 677
677 1355
677 678
677 679
677 680
678 677
678 679
678 680
679 1359
679 677
679 678
679 680
680 677
680 678
680 679
680 681
681 1363
681 682
681 683
681 684
682 681
682 683
682 684
683 1367
683 681
683 682
683 684
684 681
684 682
684 683
684 685
685 1371
685 686
685 687
685 688
686 685
686 687
686 688
687 1375
687 685
687 686
687 688
688 685
688 686
688 687
688 689
689 1379
689 690
689 691
689 692
690 689
690 691
690 692
691 1383
691 689
691 690
691 692
692 689
692 690
692 691
692 693
693 1387
693 694
693 695
693 696
694 693
694 695
694 696
695 1391
695 693
695 694
695 696
696 693
696 694
696 695
696 697
697 1395
697 698
697 699
697 700
698 697
698 699
698 700
699 1399
699 697
699 698
699 700
700 697
700 698
700 699
700 701
701 1403
701 702
701 703
701 704
702 701
702 703
702 704
703 1407
703 701
703 702
703 704
704 701
704 702
704 703
704 705
705 1411
705 706
705 707
705 708
706 705
706 707
706 708
707 1415
707 705
707 706
707 708
708 705
708 706
708 707
708 709
709 1419
709 710
709 711
709 712
710 709
710 711
710 712
711 1423
711 709
711 710
711 712
712 709
712 710
712 711
712 713
713 1427
713 714
713 715
713 716
714 713
714 715
714 716
715 1431
715 713
715 714
715 716
716 713
716 714
716 715
716 717
717 1435
717 718
717 719
717 720
718 717
718 719
718 720
719 1439
719 717
719 718
719 720
720 717
720 718
720 719
720 721
721 1443
721 722
721 723
721 724
722 721
722 723
722 724
723 1447
723 721
723 722
723 724
724 721
724 722
724 723
724 725
725 1451
725 726
725 727
725 728
726 725
726 727
726 728
727 1455
727 725
727 726
727 728
728 725
728 726
728 727
728 729
729 1459
729 730
729 731
729 732
730 729
730 731
730 732
731 1463
731 729
731 730
731 732
732 729
732 730
732 731
732 733
733 1467
733 734
733 735
733 736
734 733
734 735
734 736
735 1471
735 733
735 734
735 736
736 733
736 734
736 735
736 737
737 1475
737 738
737 739
737 740
738 737
738 739
738 740
739 1479
739 737
739 738
739 740
740 737
740 738
740 739
740 741
741 1483
741 742
741 743
741 744
742 741
742 743
742 744
743 1487
743 741
743 742
743 744
744 741
744 742
744 743
744 745
745 1491
745 746
745 747
745 748
746 745
746 747
746 748
747 1495
747 745
747 746
747 748
748 745
748 746
748 747
748 749
749 1499
749 750
749 751
749 752
750 749
750 751
750 752
751 1503
751 749
751 750
751 752
752 749
752 750
752 751
752 753
753 1507
753 754
753 755
753 756
754 753
754 755
754 756
755 1511
755 753
755 754
755 756
756 753
756 754
756 755
756 757
757 1515
757 758
757 759
757 760
758 757
758 759
758 760
759 1519
759 757
759 758
759 760
760 757
760 758
760 759
760 761
761 1523
761 762
761 763
761 764
762 761
762 763
762 764
763 1527
763 761
763 762
763 764
764 761
764 762
764 763
764 765
765 1531
765 766
765 767
765 768
766 765
766 767
766 768
767 1535
767 765
767 766
767 768
768 765
768 766
768 767
768 769
769 1539
769 770
769 771
769 772
770 769
770 771
770 772
771 1543
771 769
771 770
771 772
772 769
772 770
772 771
772 773
773 1547
773 774
773 775
773 776
774 773
774 775
774 776
775 1551
775 773
775 774
775 776
776 773
776 774
776 775
776 777
777 1555
777 778
777 779
777 780
778 777
778 779
778 780
779 1559
779 777
779 778
779 780
780 777
780 778
780 779
780 781
781 1563
781 782
781 783
781 784
782 781
782 783
782 784
783 1567
783 781
783 782
783 784
784 781
784 782
784 783
784 785
785 1571
785 786
785 787
785 788
786 785
786 787
786 788
787 1575
787 785
787 786
787 788
788 785
788 786
788 787
788 789
789 1579
789 790
789 791
789 792
790 789
790 791
790 792
791 1583
791 789
791 790
791 792
792 789
792 790
792 791
792 793
793 1587
793 794
793 795
793 796
794 793
794 795
794 796
795 1591
795 793
795 794
795 796
796 793
796 794
796 795
796 797
797 1595
797 798
797 799
797 800
798 797
798 799
798 800
799 1599
799 797
799 798
799 800
800 797
800 798
800 799
800 801
801 1603
801 802
801 803
801 804
802 801
802 803
802 804
803 1607
803 801
803 802
803 804
804 801
804 802
804 803
804 805
805 1611
805 806
805 807
805 808
806 805
806 807
806 808
807 1615
807 805
807 806
807 808
808 805
808 806
808 807
808 809
809 1619
809 810
809 811
809 812
810 809
810 811
810 812
811 1623
811 809
811 810
811 812
812 809
812 810
812 811
812 813
813 1627
813 814
813 815
813 816
814 813
814 815
814 816
815 1631
815 813
815 814
815 816
816 813
816 814
816 815
816 817
817 1635
817 818
817 819
817 820
818 817
818 819
818 820
819 1639
819 817
819 818
819 820
820 817
820 818
820 819
820 821
821 1643
821 822
821 823
821 824
822 821
822 823
822 824
823 1647
823 821
823 822
823 824
824 821
824 822
824 823
824 825
825 1651
825 826
825 827
825 828
826 825
826 827
826 828
827 1655
827 825
827 826
827 828
828 825
828 826
828 827
828 829
829 1659
829 830
829 831
829 832
830 829
830 831
830 832
831 1663
831 829
831 830
831 832
832 829
832 830
832 831
832 833
833 1667
833 834
833 835
833 836
834 833
834 835
834 836
835 1671
835 833
835 834
835 836
836 833
836 834
836 835
836 837
837 1675
837 838
837 839
837 840
838 837
838 839
838 840
839 1679
839 837
839 838
839 840
840 837
840 838
840 839
840 841
841 1683
841 842
841 843
841 844
842 841
842 843
842 844
843 1687
843 841
843 842
843 844
844 841
844 842
844 843
844 845
845 1691
845 846
845 847
845 848
846 845
846 847
846 848
847 1695
847 845
847 846
847 848
848 845
848 846
848 847
848 849
849 1699
849 850
849 851
849 852
850 849
850 851
850 852
851 1703
851 849
851 850
851 852
852 849
852 850
852 851
852 853
853 1707
853 854
853 855
853 856
854 853
854 855
854 856
855 1711
855 853
855 854
855 856
856 853
856 854
856 855
856 857
857 1715
857 858
857 859
857 860
858 857
858 859
858 860
859 1719
859 857
859 858
859 860
860 857
860 858
860 859
860 861
861 1723
861 862
861 863
861 864
862 861
862 863
862 864
863 1727
863 861
863 862
863 864
864 861
864 862
864 863
864 865
865 1731
865 866
865 867
865 868
866 865
866 867
866 868
867 1735
867 865
867 866
867 868
868 865
868 866
868 867
868 869
869 1739
869 870
869 871
869 872
870 869
870 871
870 872
871 1743
871 869
871 870
871 872
872 869
872 870
872 871
872 873
873 1747
873 874
873 875
873 876
874 873
874 875
874 876
875 1751
875 873
875 874
875 876
876 873
876 874
876 875
876 877
877 1755
877 878
877 879
877 880
878 877
878 879
878 880
879 1759
879 877
879 878
879 880
880 877
880 878
880 879
880 881
881 1763
881 882
881 883
881 884
882 881
882 883
882 884
883 1767
883 881
883 882
883 884
884 881
884 882
884 883
884 885
885 1771
885 886
885 887
885 888
886 885
886 887
886 888
887 1775
887 885
887 886
887 888
888 885
888 886
888 887
888 889
889 1779
889 890
889 891
889 892
890 889
890 891
890 892
891 1783
891 889
891 890
891 892
892 889
892 890
892 891
892 893
893 1787
893 894
893 895
893 896
894 893
894 895
894 896
895 1791
895 893
895 894
895 896
896 893
896 894
896 895
896 897
897 1795
897 898
897 899
897 900
898 897
898 899
898 900
899 1799
899 897
899 898
899 900
900 897
900 898
900 899
900 901
901 1803
901 902
901 903
901 904
902 901
902 903
902 904
903 1807
903 901
903 902
903 904
904 901
904 902
904 903
904 905
905 1811
905 906
905 907
905 908
906 905
906 907
906 908
907 1815
907 905
907 906
907 908
908 905
908 906
908 907
908 909
909 1819
909 910
909 911
909 912
910 909
910 911
910 912
911 1823
911 909
911 910
911 912
912 909
912 910
912 911
912 913
913 1827
913 914
913 915
913 916
914 913
914 915
914 916
915 1831
915 913
915 914
915 916
916 913
916 914
916 915
916 917
917 1835
917 918
917 919
917 920
918 917
918 919
918 920
919 1839
919 917
919 918
919 920
920 917
920 918
920 919
920 921
921 1843
921 922
921 923
921 924
922 921
922 923
922 924
923 1847
923 921
923 922
923 924
924 921
924 922
924 923
924 925
925 1851
925 926
925 927
925 928
926 925
926 927
926 928
927 1855
927 925
927 926
927 928
928 925
928 926
928 927
928 929
929 1859
929 930
929 931
929 932
930 929
930 931
930 932
931 1863
931 929
931 930
931 932
932 929
932 930
932 931
932 933
933 1867
933 934
933 935
933 936
934 933
934 935
934 936
935 1871
935 933
935 934
935 936
936 933
936 934
936 935
936 937
937 1875
937 938
937 939
937 940
938 937
938 939
938 940
939 1879
939 937
939 938
939 940
940 937
940 938
940 939
940 941
941 1883
941 942
941 943
941 944
942 941
942 943
942 944
943 1887
943 941
943 942
943 944
944 941
944 942
944 943
944 945
945 1891
945 946
945 947
945 948
946 945
946 947
946 948
947 1895
947 945
947 946
947 948
948 945
948 946
948 947
948 949
949 1899
949 950
949 951
949 952
950 949
950 951
950 952
951 1903
951 949
951 950
951 952
952 949
952 950
952 951
952 953
953 1907
953 954
953 955
953 956
954 953
954 955
954 956
955 1911
955 953
955 954
955 956
956 953
956 954
956 955
956 957
957 1915
957 958
957 959
957 960
958 957
958 959
958 960
959 1919
959 957
959 958
959 960
960 957
960 958
960 959
960 961
961 1923
961 962
961 963
961 964
962 961
962 963
962 964
963 1927
963 961
963 962
963 964
964 961
964 962
964 963
964 965
965 1931
965 966
965 967
965 968
966 965
966 967
966 968
967 1935
967 965
967 966
967 968
968 965
968 966
968 967
968 969
969 1939
969 970
969 971
969 972
970 969
970 971
970 972
971 1943
971 969
971 970
971 972
972 969
972 970
972 971
972 973
973 1947
973 974
973 975
973 976
974 973
974 975
974 976
975 1951
975 973
975 974
975 976
976 973
976 974
976 975
976 977
977 1955
977 978
977 979
977 980
978 977
978 979
978 980
979 1959
979 977
979 978
979 980
980 977
980 978
980 979
980 981
981 1963
981 982
981 983
981 984
982 981
982 983
982 984
983 1967
983 981
983 982
983 984
984 981
984 982
984 983
984 985
985 1971
985 986
985 987
985 988
986 985
986 987
986 988
987 1975
987 985
987 986
987 988
988 985
988 986
988 987
988 989
989 1979
989 990
989 991
989 992
990 989
990 991
990 992
991 1983
991 989
991 990
991 992
992 989
992 990
992 991
992 993
993 1987
993 994
993 995
993 996
994 993
994 995
994 996
995 1991
995 993
995 994
995 996
996 993
996 994
996 995
996 997
997 1995
997 998
997 999
997 1000
998 997
998 999
998 1000
999 1999
999 997
999 998
999 1000
1000 997
1000 998
1000 999
1000 1001
1001 1002
1001 1003
1001 1004
1002 1001
1002 1003
1002 1004
1003 1001
1003 1002
1003 1004
1004 1001
1004 1002
1004 1003
1004 1005
1005 1006
1005 1007
1005 1008
1006 1005
1006 1007
1006 1008
1007 1005
1007 1006
1007 1008
1008 1005
1008 1006
1008 1007
1008 1009
1009 1010
1009 1011
1009 1012
1010 1009
1010 1011
1010 1012
1011 1009
1011 1010
1011 1012
1012 1009
1012 1010
1012 1011
1012 1013
1013 1014
1013 1015
1013 1016
1014 1013
1014 1015
1014 1016
1015 1013
1015 1014
1015 1016
1016 1013
1016 1014
1016 1015
1016 1017
1017 1018
1017 1019
1017 1020
1018 1017
1018 1019
1018 1020
1019 1017
1019 1018
1019 1020
1020 1017
1020 1018
1020 1019
1020 1021
1021 1022
1021 1023
1021 1024
1022 1021
1022 1023
1022 1024
1023 1021
1023 1022
1023 1024
1024 1021
1024 1022
1024 1023
1024 1025
1025 1026
1025 1027
1025 1028
1026 1025
1026 1027
1026 1028
1027 1025
1027 1026
1027 1028
1028 1025
1028 1026
1028 1027
1028 1029
1029 1030
1029 1031
1029 1032
1030 1029
1030 1031
1030 1032
1031 1029
1031 1030
1031 1032
1032 1029
1032 1030
1032 1031
1032 1033
1033 1034
1033 1035
1033 1036
1034 1033
1034 1035
1034 1036
1035 1033
1035 1034
1035 1036
1036 1033
1036 1034
1036 1035
1036 1037
1037 1038
1037 1039
1037 1040
1038 1037
1038 1039
1038 1040
1039 1037
1039 1038
1039 1040
1040 1037
1040 1038
1040 1039
1040 1041
1041 1042
1041 1043
1041 1044
1042 1041
1042 1043
1042 1044
1043 1041
1043 1042
1043 1044
1044 1041
1044 1042
1044 1043
1044 1045
1045 1046
1045 1047
1045 1048
1046 1045
1046 1047
1046 1048
1047 1045
1047 1046
1047 1048
1048 1045
1048 1046
1048 1047
1048 1049
1049 1050
1049 1051
1049 1052
1050 1049
1050 1051
1050 1052
1051 1049
1051 1050
1051 1052
1052 1049
1052 1050
1052 1051
1052 1053
1053 1054
1053 1055
1053 1056
1054 1053
1054 1055
1054 1056
1055 1053
1055 1054
1055 1056
1056 1053
1056 1054
1056 1055
1056 1057
1057 1058
1057 1059
1057 1060
1058 1057
1058 1059
1058 1060
1059 1057
1059 1058
1059 1060
1060 1057
1060 1058
1060 1059
1060 1061
1061 1062
1061 1063
1061 1064
1062 1061
1062 1063
1062 1064
1063 1061
1063 1062
1063 1064
1064 1061
1064 1062
1064 1063
1064 1065
1065 1066
1065 1067
1065 1068
1066 1065
1066 1067
1066 1068
1067 1065
1067 1066
1067 1068
1068 1065
1068 1066
1068 1067
1068 1069
1069 1070
1069 1071
1069 1072
1070 1069
1070 1071
1070 1072
1071 1069
1071 1070
1071 1072
1072 1069
1072 1070
1072 1071
1072 1073
1073 1074
1073 1075
1073 1076
1074 1073
1074 1075
1074 1076
1075 1073
1075 1074
1075 1076
1076 1073
1076 1074
1076 1075
1076 1077
1077 1078
1077 1079
1077 1080
1078 1077
1078 1079
1078 1080
1079 1077
1079 1078
1079 1080
1080 1077
1080 1078
1080 1079
1080 1081
1081 1082
1081 1083
1081 1084
1082 1081
1082 1083
1082 1084
1083 1081
1083 1082
1083 1084
1084 1081
1084 1082
1084 1083
1084 1085
1085 1086
1085 1087
1085 1088
1086 1085
1086 1087
1086 1088
1087 1085
1087 1086
1087 1088
1088 1085
1088 1086
1088 1087
1088 1089
1089 1090
1089 1091
1089 1092
1090 1089
1090 1091
1090 1092
1091 1089
1091 1090
1091 1092
1092 1089
1092 1090
1092 1091
1092 1093
1093 1094
1093 1095
1093 1096
1094 1093
1094 1095
1094 1096
1095 1093
1095 1094
1095 1096
1096 1093
1096 1094
1096 1095
1096 1097
1097 1098
1097 1099
1097 1100
1098 1097
1098 1099
1098 1100
1099 1097
1099 1098
1099 1100
1100 1097
1100 1098
1100 1099
1100 1101
1101 1102
1101 1103
1101 1104
1102 1101
1102 1103
1102 1104
1103 1101
1103 1102
1103 1104
1104 1101
1104 1102
1104 1103
1104 1105
1105 1106
1105 1107
1105 1108
1106 1105
1106 1107
1106 1108
1107 1105
1107 1106
1107 1108
1108 1105
1108 1106
1108 1107
1108 1109
1109 1110
1109 1111
1109 1112
1110 1109
1110 1111
1110 1112
1111 1109
1111 1110
1111 1112
1112 1109
1112 1110
1112 1111
1112 1113
1113 1114
1113 1115
1113 1116
1114 1113
1114 1115
1114 1116
1115 1113
1115 1114
1115 1116
1116 1113
1116 1114
1116 1115
1116 1117
1117 1118
1117 1119
1117 1120
1118 1117
1118 1119
1118 1120
1119 1117
1119 1118
1119 1120
1120 1117
1120 1118
1120 1119
1120 1121
1121 1122
1121 1123
1121 1124
1122 1121
1122 1123
1122 1124
1123 1121
1123 1122
1123 1124
1124 1121
1124 1122
1124 1123
1124 1125
1125 1126
1125 1127
1125 1128
1126 1125
1126 1127
1126 1128
1127 1125
1127 1126
1127 1128
1128 1125
1128 1126
1128 1127
1128 1129
1129 1130
1129 1131
1129 1132
1130 1129
1130 1131
1130 1132
1131 1129
1131 1130
1131 1132
1132 1129
1132 1130
1132 1131
1132 1133
1133 1134
1133 1135
1133 1136
1134 1133
1134 1135
1134 1136
1135 1133
1135 1134
1135 1136
1136 1133
1136 1134
1136 1135
1136 1137
1137 1138
1137 1139
1137 1140
1138 1137
1138 1139
1138 1140
1139 1137
1139 1138
1139 1140
1140 1137
1140 1138
1140 1139
1140 1141
1141 1142
1141 1143
1141 1144
1142 1141
1142 1143
1142 1144
1143 1141
1143 1142
1143 1144
1144 1141
1144 1142
1144 1143
1144 1145
1145 1146
1145 1147
1145 1148
1146 1145
1146 1147
1146 1148
1147 1145
1147 1146
1147 1148
1148 1145
1148 1146
1148 1147
1148 1149
1149 1150
1149 1151
1149 1152
1150 1149
1150 1151
1150 1152
1151 1149
1151 1150
1151 1152
1152 1149
1152 1150
1152 1151
1152 1153
1153 1154
1153 1155
1153 1156
1154 1153
1154 1155
1154 1156
1155 1153
1155 1154
1155 1156
1156 1153
1156 1154
1156 1155
1156 1157
1157 1158
1157 1159
1157 1160
1158 1157
1158 1159
1158 1160
1159 1157
1159 1158
1159 1160
1160 1157
1160 1158
1160 1159
1160 1161
1161 1162
1161 1163
1161 1164
1162 1161
1162 1163
1162 1164
1163 1161
1163 1162
1163 1164
1164 1161
1164 1162
1164 1163
1164 1165
1165 1166
1165 1167
1165 1168
1166 1165
1166 1167
1166 1168
1167 1165
1167 1166
1167 1168
1168 1165
1168 1166
1168 1167
1168 1169
1169 1170
1169 1171
1169 1172
1170 1169
1170 1171
1170 1172
1171 1169
1171 1170
1171 1172
1172 1169
1172 1170
1172 1171
1172 1173
1173 1174
1173 1175
1173 1176
1174 1173
1174 1175
1174 1176
1175 1173
1175 1174
1175 1176
1176 1173
1176 1174
1176 1175
1176 1177
1177 1178
1177 1179
1177 1180
1178 1177
1178 1179
1178 1180
1179 1177
1179 1178
1179 1180
1180 1177
1180 1178
1180 1179
1180 1181
1181 1182
1181 1183
1181 1184
1182 1181
1182 1183
1182 1184
1183 1181
1183 1182
1183 1184
1184 1181
1184 1182
1184 1183
1184 1185
1185 1186
1185 1187
1185 1188
1186 1185
1186 1187
1186 1188
1187 1185
1187 1186
1187 1188
1188 1185
1188 1186
1188 1187
1188 1189
1189 1190
1189 1191
1189 1192
1190 1189
1190 1191
1190 1192
1191 1189
1191 1190
1191 1192
1192 1189
1192 1190
1192 1191
1192 1193
1193 1194
1193 1195
1193 1196
1194 1193
1194 1195
1194 1196
1195 1193
1195 1194
1195 1196
1196 1193
1196 1194
1196 1195
1196 1197
1197 1198
1197 1199
1197 1200
1198 1197
1198 1199
1198 1200
1199 1197
1199 1198
1199 1200
1200 1197
1200 1198
1200 1199
1200 1201
1201 1202
1201 1203
1201 1204
1202 1201
1202 1203
1202 1204
1203 1201
1203 1202
1203 1204
1204 1201
1204 1202
1204 1203
1204 1205
1205 1206
1205 1207
1205 1208
1206 1205
1206 1207
1206 1208
1207 1205
1207 1206
1207 1208
1208 1205
1208 1206
1208 1207
1208 1209
1209 1210
1209 1211
1209 1212
1210 1209
1210 1211
1210 1212
1211 1209
1211 1210
1211 1212
1212 1209
1212 1210
1212 1211
1212 1213
1213 1214
1213 1215
1213 1216
1214 1213
1214 1215
1214 1216
1215 1213
1215 1214
1215 1216
1216 1213
1216 1214
1216 1215
1216 1217
1217 1218
1217 1219
1217 1220
1218 1217
1218 1219
1218 1220
1219 1217
1219 1218
1219 1220
1220 1217
1220 1218
1220 1219
1220 1221
1221 1222
1221 1223
1221 1224
1222 1221
1222 1223
1222 1224
1223 1221
1223 1222
1223 1224
1224 1221
1224 1222
1224 1223
1224 1225
1225 1226
1225 1227
1225 1228
1226 1225
1226 1227
1226 1228
1227 1225
1227 1226
1227 1228
1228 1225
1228 1226
1228 1227
1228 1229
1229 1230
1229 1231
1229 1232
1230 1229
1230 1231
1230 1232
1231 1229
1231 1230
1231 1232
1232 1229
1232 1230
1232 1231
1232 1233
1233 1234
1233 1235
1233 1236
1234 1233
1234 1235
1234 1236
1235 1233
1235 1234
1235 1236
1236 1233
1236 1234
1236 1235
1236 1237
1237 1238
1237 1239
1237 1240
1238 1237
1238 1239
1238 1240
1239 1237
1239 1238
1239 1240
1240 1237
1240 1238
1240 1239
1240 1241
1241 1242
1241 1243
1241 1244
1242 1241
1242 1243
1242 1244
1243 1241
1243 1242
1243 1244
1244 1241
1244 1242
1244 1243
1244 1245
1245 1246
1245 1247
1245 1248
1246 1245
1246 1247
1246 1248
1247 1245
1247 1246
1247 1248
1248 1245
1248 1246
1248 1247
1248 1249
1249 1250
1249 1251
1249 1252
1250 1249
1250 1251
1250 1252
1251 1249
1251 1250
1251 1252
1252 1249
1252 1250
1252 1251
1252 1253
1253 1254
1253 1255
1253 1256
1254 1253
1254 1255
1254 1256
1255 1253
1255 1254
1255 1256
1256 1253
1256 1254
1256 1255
1256 1257
1257 1258
1257 1259
1257 1260
1258 1257
1258 1259
1258 1260
1259 1257
1259 1258
1259 1260
1260 1257
1260 1258
1260 1259
1260 1261
1261 1262
1261 1263
1261 1264
1262 1261
1262 1263
1262 1264
1263 1261
1263 1262
1263 1264
1264 1261
1264 1262
1264 1263
1264 1265
1265 1266
1265 1267
1265 1268
1266 1265
1266 1267
1266 1268
1267 1265
1267 1266
1267 1268
1268 1265
1268 1266
1268 1267
1268 1269
1269 1270
1269 1271
1269 1272
1270 1269
1270 1271
1270 1272
1271 1269
1271 1270
1271 1272
1272 1269
1272 1270
1272 1271
1272 1273
1273 1274
1273 1275
1273 1276
1274 1273
1274 1275
1274 1276
1275 1273
1275 1274
1275 1276
1276 1273
1276 1274
1276 1275
1276 1277
1277 1278
1277 1279
1277 1280
1278 1277
1278 1279
1278 1280
1279 1277
1279 1278
1279 1280
1280 1277
1280 1278
1280 1279
1280 1281
1281 1282
1281 1283
1281 1284
1282 1281
1282 1283
1282 1284
1283 1281
1283 1282
1283 1284
1284 1281
1284 1282
1284 1283
1284 1285
1285 1286
1285 1287
1285 1288
1286 1285
1286 1287
1286 1288
1287 1285
1287 1286
1287 1288
1288 1285
1288 1286
1288 1287
1288 1289
1289 1290
1289 1291
1289 1292
1290 1289
1290 1291
1290 1292
1291 1289
1291 1290
1291 1292
1292 1289
1292 1290
1292 1291
1292 1293
1293 1294
1293 1295
1293 1296
1294 1293
1294 1295
1294 1296
1295 1293
1295 1294
1295 1296
1296 1293
1296 1294
1296 1295
1296 1297
1297 1298
1297 1299
1297 1300
1298 1297
1298 1299
1298 1300
1299 1297
1299 1298
1299 1300
1300 1297
1300 1298
1300 1299
1300 1301
1301 1302
1301 1303
1301 1304
1302 1301
1302 1303
1302 1304
1303 1301
1303 1302
1303 1304
1304 1301
1304 1302
1304 1303
1304 1305
1305 1306
1305 1307
1305 1308
1306 1305
1306 1307
1306 1308
1307 1305
1307 1306
1307 1308
1308 1305
1308 1306
1308 1307
1308 1309
1309 1310
1309 1311
1309 1312
1310 1309
1310 1311
1310 1312
1311 1309
1311 1310
1311 1312
1312 1309
1312 1310
1312 1311
1312 1313
1313 1314
1313 1315
1313 1316
1314 1313
1314 1315
1314 1316
1315 1313
1315 1314
1315 1316
1316 1313
1316 1314
1316 1315
1316 1317
1317 1318
1317 1319
1317 1320
1318 1317
1318 1319
1318 1320
1319 1317
1319 1318
1319 1320
1320 1317
1320 1318
1320 1319
1320 1321
1321 1322
1321 1323
1321 1324
1322 1321
1322 1323
1322 1324
1323 1321
1323 1322
1323 1324
1324 1321
1324 1322
1324 1323
1324 1325
1325 1326
1325 1327
1325 1328
1326 1325
1326 1327
1326 1328
1327 1325
1327 1326
1327 1328
1328 1325
1328 1326
1328 1327
1328 1329
1329 1330
1329 1331
1329 1332
1330 1329
1330 1331
1330 1332
1331 1329
1331 1330
1331 1332
1332 1329
1332 1330
1332 1331
1332 1333
1333 1334
1333 1335
1333 1336
1334 1333
1334 1335
1334 1336
1335 1333
1335 1334
1335 1336
1336 1333
1336 1334
1336 1335
1336 1337
1337 1338
1337 1339
1337 1340
1338 1337
1338 1339
1338 1340
1339 1337
1339 1338
1339 1340
1340 1337
1340 1338
1340 1339
1340 1341
1341 1342
1341 1343
1341 1344
1342 1341
1342 1343
1342 1344
1343 1341
1343 1342
1343 1344
1344 1341
1344 1342
1344 1343
1344 1345
1345 1346
1345 1347
1345 1348
1346 1345
1346 1347
1346 1348
1347 1345
1347 1346
1347 1348
1348 1345
1348 1346
1348 1347
1348 1349
1349 1350
1349 1351
1349 1352
1350 1349
1350 1351
1350 1352
1351 1349
1351 1350
1351 1352
1352 1349
1352 1350
1352 1351
1352 1353
1353 1354
1353 1355
1353 1356
1354 1353
1354 1355
1354 1356
1355 1353
1355 1354
1355 1356
1356 1353
1356 1354
1356 1355
1356 1357
1357 1358
1357 1359
1357 1360
1358 1357
1358 1359
1358 1360
1359 1357
1359 1358
1359 1360
1360 1357
1360 1358
1360 1359
1360 1361
1361 1362
1361 1363
1361 1364
1362 1361
1362 1363
1362 1364
1363 1361
1363 1362
1363 1364
1364 1361
1364 1362
1364 1363
1364 1365
1365 1366
1365 1367
1365 1368
1366 1365
1366 1367
1366 1368
1367 1365
1367 1366
1367 1368
1368 1365
1368 1366
1368 1367
1368 1369
1369 1370
1369 1371
1369 1372
1370 1369
1370 1371
1370 1372
1371 1369
1371 1370
1371 1372
1372 1369
1372 1370
1372 1371
1372 1373
1373 1374
1373 1375
1373 1376
1374 1373
1374 1375
1374 1376
1375 1373
1375 1374
1375 1376
1376 1373
1376 1374
1376 1375
1376 1377
1377 1378
1377 1379
1377 1380
1378 1377
1378 1379
1378 1380
1379 1377
1379 1378
1379 1380
1380 1377
1380 1378
1380 1379
1380 1381
1381 1382
1381 1383
1381 1384
1382 1381
1382 1383
1382 1384
1383 1381
1383 1382
1383 1384
1384 1381
1384 1382
1384 1383
1384 1385
1385 1386
1385 1387
1385 1388
1386 1385
1386 1387
1386 1388
1387 1385
1387 1386
1387 1388
1388 1385
1388 1386
1388 1387
1388 1389
1389 1390
1389 1391
1389 1392
1390 1389
1390 1391
1390 1392
1391 1389
1391 1390
1391 1392
1392 1389
1392 1390
1392 1391
1392 1393
1393 1394
1393 1395
1393 1396
1394 1393
1394 1395
1394 1396
1395 1393
1395 1394
1395 1396
1396 1393
1396 1394
1396 1395
1396 1397
1397 1398
1397 1399
1397 1400
1398 1397
1398 1399
1398 1400
1399 1397
1399 1398
1399 1400
1400 1397
1400 1398
1400 1399
1400 1401
1401 1402
1401 1403
1401 1404
1402 1401
1402 1403
1402 1404
1403 1401
1403 1402
1403 1404
1404 1401
1404 1402
1404 1403
1404 1405
1405 1406
1405 1407
1405 1408
1406 1405
1406 1407
1406 1408
1407 1405
1407 1406
1407 1408
1408 1405
1408 1406
1408 1407
1408 1409
1409 1410
1409 1411
1409 1412
1410 1409
1410 1411
1410 1412
1411 1409
1411 1410
1411 1412
1412 1409
1412 1410
1412 1411
1412 1413
1413 1414
1413 1415
1413 1416
1414 1413
1414 1415
1414 1416
1415 1413
1415 1414
1415 1416
1416 1413
1416 1414
1416 1415
1416 1417
1417 1418
1417 1419
1417 1420
1418 1417
1418 1419
1418 1420
1419 1417
1419 1418
1419 1420
1420 1417
1420 1418
1420 1419
1420 1421
1421 1422
1421 1423
1421 1424
1422 1421
1422 1423
1422 1424
1423 1421
1423 1422
1423 1424
1424 1421
1424 1422
1424 1423
1424 1425
1425 1426
1425 1427
1425 1428
1426 1425
1426 1427
1426 1428
1427 1425
1427 1426
1427 1428
1428 1425
1428 1426
1428 1427
1428 1429
1429 1430
1429 1431
1429 1432
1430 1429
1430 1431
1430 1432
1431 1429
1431 1430
1431 1432
1432 1429
1432 1430
1432 1431
1432 1433
1433 1434
1433 1435
1433 1436
1434 1433
1434 1435
1434 1436
1435 1433
1435 1434
1435 1436
1436 1433
1436 1434
1436 1435
1436 1437
1437 1438
1437 1439
1437 1440
1438 1437
1438 1439
1438 1440
1439 1437
1439 1438
1439 1440
1440 1437
1440 1438
1440 1439
1440 1441
1441 1442
1441 1443
1441 1444
1442 1441
1442 1443
1442 1444
1443 1441
1443 1442
1443 1444
1444 1441
1444 1442
1444 1443
1444 1445
1445 1446
1445 1447
1445 1448
1446 1445
1446 1447
1446 1448
1447 1445
1447 1446
1447 1448
1448 1445
1448 1446
1448 1447
1448 1449
1449 1450
1449 1451
1449 1452
1450 1449
1450 1451
1450 1452
1451 1449
1451 1450
1451 1452
1452 1449
1452 1450
1452 1451
1452 1453
1453 1454
1453 1455
1453 1456
1454 1453
1454 1455
1454 1456
1455 1453
1455 1454
1455 1456
1456 1453
1456 1454
1456 1455
1456 1457
1457 1458
1457 1459
1457 1460
1458 1457
1458 1459
1458 1460
1459 1457
1459 1458
1459 1460
1460 1457
1460 1458
1460 1459
1460 1461
1461 1462
1461 1463
1461 1464
1462 1461
1462 1463
1462 1464
1463 1461
1463 1462
1463 1464
1464 1461
1464 1462
1464 1463
1464 1465
1465 1466
1465 1467
1465 1468
1466 1465
1466 1467
1466 1468
1467 1465
1467 1466
1467 1468
1468 1465
1468 1466
1468 1467
1468 1469
1469 1470
1469 1471
1469 1472
1470 1469
1470 1471
1470 1472
1471 1469
1471 1470
1471 1472
1472 1469
1472 1470
1472 1471
1472 1473
1473 1474
1473 1475
1473 1476
1474 1473
1474 1475
1474 1476
1475 1473
1475 1474
1475 1476
1476 1473
1476 1474
1476 1475
1476 1477
1477 1478
1477 1479
1477 1480
1478 1477
1478 1479
1478 1480
1479 1477
1479 1478
1479 1480
1480 1477
1480 1478
1480 1479
1480 1481
1481 1482
1481 1483
1481 1484
1482 1481
1482 1483
1482 1484
1483 1481
1483 1482
1483 1484
1484 1481
1484 1482
1484 1483
1484 1485
1485 1486
1485 1487
1485 1488
1486 1485
1486 1487
1486 1488
1487 1485
1487 1486
1487 1488
1488 1485
1488 1486
1488 1487
1488 1489
1489 1490
1489 1491
1489 1492
1490 1489
1490 1491
1490 1492
1491 1489
1491 1490
1491 1492
1492 1489
1492 1490
1492 1491
1492 1493
1493 1494
1493 1495
1493 1496
1494 1493
1494 1495
1494 1496
1495 1493
1495 1494
1495 1496
1496 1493
1496 1494
1496 1495
1496 1497
1497 1498
1497 1499
1497 1500
1498 1497
1498 1499
1498 1500
1499 1497
1499 1498
1499 1500
1500 1497
1500 1498
1500 1499
1500 1501
1501 1502
1501 1503
1501 1504
1502 1501
1502 1503
1502 1504
1503 1501
1503 1502
1503 1504
1504 1501
1504 1502
1504 1503
1504 1505
1505 1506
1505 1507
1505 1508
1506 1505
1506 1507
1506 1508
1507 1505
1507 1506
1507 1508
1508 1505
1508 1506
1508 1507
1508 1509
1509 1510
1509 1511
1509 1512
1510 1509
1510 1511
1510 1512
1511 1509
1511 1510
1511 1512
1512 1509
1512 1510
1512 1511
1512 1513
1513 1514
1513 1515
1513 1516
1514 1513
1514 1515
1514 1516
1515 1513
1515 1514
1515 1516
1516 1513
1516 1514
1516 1515
1516 1517
1517 1518
1517 1519
1517 1520
1518 1517
1518 1519
1518 1520
1519 1517
1519 1518
1519 1520
1520 1517
1520 1518
1520 1519
1520 1521
1521 1522
1521 1523
1521 1524
1522 1521
1522 1523
1522 1524
1523 1521
1523 1522
1523 1524
1524 1521
1524 1522
1524 1523
1524 1525
1525 1526
1525 1527
1525 1528
1526 1525
1526 1527
1526 1528
1527 1525
1527 1526
1527 1528
1528 1525
1528 1526
1528 1527
1528 1529
1529 1530
1529 1531
1529 1532
1530 1529
1530 1531
1530 1532
1531 1529
1531 1530
1531 1532
1532 1529
1532 1530
1532 1531
1532 1533
1533 1534
1533 1535
1533 1536
1534 1533
1534 1535
1534 1536
1535 1533
1535 1534
1535 1536
1536 1533
1536 1534
1536 1535
1536 1537
1537 1538
1537 1539
1537 1540
1538 1537
1538 1539
1538 1540
1539 1537
1539 1538
1539 1540
1540 1537
1540 1538
1540 1539
1540 1541
1541 1542
1541 1543
1541 1544
1542 1541
1542 1543
1542 1544
1543 1541
1543 1542
1543 1544
1544 1541
1544 1542
1544 1543
1544 1545
1545 1546
1545 1547
1545 1548
1546 1545
1546 1547
1546 1548
1547 1545
1547 1546
1547 1548
1548 1545
1548 1546
1548 1547
1548 1549
1549 1550
1549 1551
1549 1552
1550 1549
1550 1551
1550 1552
1551 1549
1551 1550
1551 1552
1552 1549
1552 1550
1552 1551
1552 1553
1553 1554
1553 1555
1553 1556
1554 1553
1554 1555
1554 1556
1555 1553
1555 1554
1555 1556
1556 1553
1556 1554
1556 1555
1556 1557
1557 1558
1557 1559
1557 1560
1558 1557
1558 1559
1558 1560
1559 1557
1559 1558
1559 1560
1560 1557
1560 1558
1560 1559
1560 1561
1561 1562
1561 1563
1561 1564
1562 1561
1562 1563
1562 1564
1563 1561
1563 1562
1563 1564
1564 1561
1564 1562
1564 1563
1564 1565
1565 1566
1565 1567
1565 1568
1566 1565
1566 1567
1566 1568
1567 1565
1567 1566
1567 1568
1568 1565
1568 1566
1568 1567
1568 1569
1569 1570
1569 1571
1569 1572
1570 1569
1570 1571
1570 1572
1571 1569
1571 1570
1571 1572
1572 1569
1572 1570
1572 1571
1572 1573
1573 1574
1573 1575
1573 1576
1574 1573
1574 1575
1574 1576
1575 1573
1575 1574
1575 1576
1576 1573
1576 1574
1576 1575
1576 1577
1577 1578
1577 1579
1577 1580
1578 1577
1578 1579
1578 1580
1579 1577
1579 1578
1579 1580
1580 1577
1580 1578
1580 1579
1580 1581
1581 1582
1581 1583
1581 1584
1582 1581
1582 1583
1582 1584
1583 1581
1583 1582
1583 1584
1584 1581
1584 1582
1584 1583
1584 1585
1585 1586
1585 1587
1585 1588
1586 1585
1586 1587
1586 1588
1587 1585
1587 1586
1587 1588
1588 1585
1588 1586
1588 1587
1588 1589
1589 1590
1589 1591
1589 1592
1590 1589
1590 1591
1590 1592
1591 1589
1591 1590
1591 1592
1592 1589
1592 1590
1592 1591
1592 1593
1593 1594
1593 1595
1593 1596
1594 1593
1594 1595
1594 1596
1595 1593
1595 1594
1595 1596
1596 1593
1596 1594
1596 1595
1596 1597
1597 1598
1597 1599
1597 1600
1598 1597
1598 1599
1598 1600
1599 1597
1599 1598
1599 1600
1600 1597
1600 1598
1600 1599
1600 1601
1601 1602
1601 1603
1601 1604
1602 1601
1602 1603
1602 1604
1603 1601
1603 1602
1603 1604
1604 1601
1604 1602
1604 1603
1604 1605
1605 1606
1605 1607
1605 1608
1606 1605
1606 1607
1606 1608
1607 1605
1607 1606
1607 1608
1608 1605
1608 1606
1608 1607
1608 1609
1609 1610
1609 1611
1609 1612
1610 1609
1610 1611
1610 1612
1611 1609
1611 1610
1611 1612
1612 1609
1612 1610
1612 1611
1612 1613
1613 1614
1613 1615
1613 1616
1614 1613
1614 1615
1614 1616
1615 1613
1615 1614
1615 1616
1616 1613
1616 1614
1616 1615
1616 1617
1617 1618
1617 1619
1617 1620
1618 1617
1618 1619
1618 1620
1619 1617
1619 1618
1619 1620
1620 1617
1620 1618
1620 1619
1620 1621
1621 1622
1621 1623
1621 1624
1622 1621
1622 1623
1622 1624
1623 1621
1623 1622
1623 1624
1624 1621
1624 1622
1624 1623
1624 1625
1625 1626
1625 1627
1625 1628
1626 1625
1626 1627
1626 1628
1627 1625
1627 1626
1627 1628
1628 1625
1628 1626
1628 1627
1628 1629
1629 1630
1629 1631
1629 1632
1630 1629
1630 1631
1630 1632
1631 1629
1631 1630
1631 1632
1632 1629
1632 1630
1632 1631
1632 1633
1633 1634
1633 1635
1633 1636
1634 1633
1634 1635
1634 1636
1635 1633
1635 1634
1635 1636
1636 1633
1636 1634
1636 1635
1636 1637
1637 1638
1637 1639
1637 1640
1638 1637
1638 1639
1638 1640
1639 1637
1639 1638
1639 1640
1640 1637
1640 1638
1640 1639
1640 1641
1641 1642
1641 1643
1641 1644
1642 1641
1642 1643
1642 1644
1643 1641
1643 1642
1643 1644
1644 1641
1644 1642
1644 1643
1644 1645
1645 1646
1645 1647
1645 1648
1646 1645
1646 1647
1646 1648
1647 1645
1647 1646
1647 1648
1648 1645
1648 1646
1648 1647
1648 1649
1649 1650
1649 1651
1649 1652
1650 1649
1650 1651
1650 1652
1651 1649
1651 1650
1651 1652
1652 1649
1652 1650
1652 1651
1652 1653
1653 1654
1653 1655
1653 1656
1654 1653
1654 1655
1654 1656
1655 1653
1655 1654
1655 1656
1656 1653
1656 1654
1656 1655
1656 1657
1657 1658
1657 1659
1657 1660
1658 1657
1658 1659
1658 1660
1659 1657
1659 1658
1659 1660
1660 1657
1660 1658
1660 1659
1660 1661
1661 1662
1661 1663
1661 1664
1662 1661
1662 1663
1662 1664
1663 1661
1663 1662
1663 1664
1664 1661
1664 1662
1664 1663
1664 1665
1665 1666
1665 1667
1665 1668
1666 1665
1666 1667
1666 1668
1667 1665
1667 1666
1667 1668
1668 1665
1668 1666
1668 1667
1668 1669
1669 1670
1669 1671
1669 1672
1670 1669
1670 1671
1670 1672
1671 1669
1671 1670
1671 1672
1672 1669
1672 1670
1672 1671
1672 1673
1673 1674
1673 1675
1673 1676
1674 1673
1674 1675
1674 1676
1675 1673
1675 1674
1675 1676
1676 1673
1676 1674
1676 1675
1676 1677
1677 1678
1677 1679
1677 1680
1678 1677
1678 1679
1678 1680
1679 1677
1679 1678
1679 1680
1680 1677
1680 1678
1680 1679
1680 1681
1681 1682
1681 1683
1681 1684
1682 1681
1682 1683
1682 1684
1683 1681
1683 1682
1683 1684
1684 1681
1684 1682
1684 1683
1684 1685
1685 1686
1685 1687
1685 1688
1686 1685
1686 1687
1686 1688
1687 1685
1687 1686
1687 1688
1688 1685
1688 1686
1688 1687
1688 1689
1689 1690
1689 1691
1689 1692
1690 1689
1690 1691
1690 1692
1691 1689
1691 1690
1691 1692
1692 1689
1692 1690
1692 1691
1692 1693
1693 1694
1693 1695
1693 1696
1694 1693
1694 1695
1694 1696
1695 1693
1695 1694
1695 1696
1696 1693
1696 1694
1696 1695
1696 1697
1697 1698
1697 1699
1697 1700
1698 1697
1698 1699
1698 1700
1699 1697
1699 1698
1699 1700
1700 1697
1700 1698
1700 1699
1700 1701
1701 1702
1701 1703
1701 1704
1702 1701
1702 1703
1702 1704
1703 1701
1703 1702
1703 1704
1704 1701
1704 1702
1704 1703
1704 1705
1705 1706
1705 1707
1705 1708
1706 1705
1706 1707
1706 1708
1707 1705
1707 1706
1707 1708
1708 1705
1708 1706
1708 1707
1708 1709
1709 1710
1709 1711
1709 1712
1710 1709
1710 1711
1710 1712
1711 1709
1711 1710
1711 1712
1712 1709
1712 1710
1712 1711
1712 1713
1713 1714
1713 1715
1713 1716
1714 1713
1714 1715
1714 1716
1715 1713
1715 1714
1715 1716
1716 1713
1716 1714
1716 1715
1716 1717
1717 1718
1717 1719
1717 1720
1718 1717
1718 1719
1718 1720
1719 1717
1719 1718
1719 1720
1720 1717
1720 1718
1720 1719
1720 1721
1721 1722
1721 1723
1721 1724
1722 1721
1722 1723
1722 1724
1723 1721
1723 1722
1723 1724
1724 1721
1724 1722
1724 1723
1724 1725
1725 1726
1725 1727
1725 1728
1726 1725
1726 1727
1726 1728
1727 1725
1727 1726
1727 1728
1728 1725
1728 1726
1728 1727
1728 1729
1729 1730
1729 1731
1729 1732
1730 1729
1730 1731
1730 1732
1731 1729
1731 1730
1731 1732
1732 1729
1732 1730
1732 1731
1732 1733
1733 1734
1733 1735
1733 1736
1734 1733
1734 1735
1734 1736
1735 1733
1735 1734
1735 1736
1736 1733
1736 1734
1736 1735
1736 1737
1737 1738
1737 1739
1737 1740
1738 1737
1738 1739
1738 1740
1739 1737
1739 1738
1739 1740
1740 1737
1740 1738
1740 1739
1740 1741
1741 1742
1741 1743
1741 1744
1742 1741
1742 1743
1742 1744
1743 1741
1743 1742
1743 1744
1744 1741
1744 1742
1744 1743
1744 1745
1745 1746
1745 1747
1745 1748
1746 1745
1746 1747
1746 1748
1747 1745
1747 1746
1747 1748
1748 1745
1748 1746
1748 1747
1748 1749
1749 1750
1749 1751
1749 1752
1750 1749
1750 1751
1750 1752
1751 1749
1751 1750
1751 1752
1752 1749
1752 1750
1752 1751
1752 1753
1753 1754
1753 1755
1753 1756
1754 1753
1754 1755
1754 1756
1755 1753
1755 1754
1755 1756
1756 1753
1756 1754
1756 1755
1756 1757
1757 1758
1757 1759
1757 1760
1758 1757
1758 1759
1758 1760
1759 1757
1759 1758
1759 1760
1760 1757
1760 1758
1760 1759
1760 1761
1761 1762
1761 1763
1761 1764
1762 1761
1762 1763
1762 1764
1763 1761
1763 1762
1763 1764
1764 1761
1764 1762
1764 1763
1764 1765
1765 1766
1765 1767
1765 1768
1766 1765
1766 1767
1766 1768
1767 1765
1767 1766
1767 1768
1768 1765
1768 1766
1768 1767
1768 1769
1769 1770
1769 1771
1769 1772
1770 1769
1770 1771
1770 1772
1771 1769
1771 1770
1771 1772
1772 1769
1772 1770
1772 1771
1772 1773
1773 1774
1773 1775
1773 1776
1774 1773
1774 1775
1774 1776
1775 1773
1775 1774
1775 1776
1776 1773
1776 1774
1776 1775
1776 1777
1777 1778
1777 1779
1777 1780
1778 1777
1778 1779
1778 1780
1779 1777
1779 1778
1779 1780
1780 1777
1780 1778
1780 1779
1780 1781
1781 1782
1781 1783
1781 1784
1782 1781
1782 1783
1782 1784
1783 1781
1783 1782
1783 1784
1784 1781
1784 1782
1784 1783
1784 1785
1785 1786
1785 1787
1785 1788
1786 1785
1786 1787
1786 1788
1787 1785
1787 1786
1787 1788
1788 1785
1788 1786
1788 1787
1788 1789
1789 1790
1789 1791
1789 1792
1790 1789
1790 1791
1790 1792
1791 1789
1791 1790
1791 1792
1792 1789
1792 1790
1792 1791
1792 1793
1793 1794
1793 1795
1793 1796
1794 1793
1794 1795
1794 1796
1795 1793
1795 1794
1795 1796
1796 1793
1796 1794
1796 1795
1796 1797
1797 1798
1797 1799
1797 1800
1798 1797
1798 1799
1798 1800
1799 1797
1799 1798
1799 1800
1800 1797
1800 1798
1800 1799
1800 1801
1801 1802
1801 1803
1801 1804
1802 1801
1802 1803
1802 1804
1803 1801
1803 1802
1803 1804
1804 1801
1804 1802
1804 1803
1804 1805
1805 1806
1805 1807
1805 1808
1806 1805
1806 1807
1806 1808
1807 1805
1807 1806
1807 1808
1808 1805
1808 1806
1808 1807
1808 1809
1809 1810
1809 1811
1809 1812
1810 1809
1810 1811
1810 1812
1811 1809
1811 1810
1811 1812
1812 1809
1812 1810
1812 1811
1812 1813
1813 1814
1813 1815
1813 1816
1814 1813
1814 1815
1814 1816
1815 1813
1815 1814
1815 1816
1816 1813
1816 1814
1816 1815
1816 1817
1817 1818
1817 1819
1817 1820
1818 1817
1818 1819
1818 1820
1819 1817
1819 1818
1819 1820
1820 1817
1820 1818
1820 1819
1820 1821
1821 1822
1821 1823
1821 1824
1822 1821
1822 1823
1822 1824
1823 1821
1823 1822
1823 1824
1824 1821
1824 1822
1824 1823
1824 1825
1825 1826
1825 1827
1825 1828
1826 1825
1826 1827
1826 1828
1827 1825
1827 1826
1827 1828
1828 1825
1828 1826
1828 1827
1828 1829
1829 1830
1829 1831
1829 1832
1830 1829
1830 1831
1830 1832
1831 1829
1831 1830
1831 1832
1832 1829
1832 1830
1832 1831
1832 1833
1833 1834
1833 1835
1833 1836
1834 1833
1834 1835
1834 1836
1835 1833
1835 1834
1835 1836
1836 1833
1836 1834
1836 1835
1836 1837
1837 1838
1837 1839
1837 1840
1838 1837
1838 1839
1838 1840
1839 1837
1839 1838
1839 1840
1840 1837
1840 1838
1840 1839
1840 1841
1841 1842
1841 1843
1841 1844
1842 1841
1842 1843
1842 1844
1843 1841
1843 1842
1843 1844
1844 1841
1844 1842
1844 1843
1844 1845
1845 1846
1845 1847
1845 1848
1846 1845
1846 1847
1846 1848
1847 1845
1847 1846
1847 1848
1848 1845
1848 1846
1848 1847
1848 1849
1849 1850
1849 1851
1849 1852
1850 1849
1850 1851
1850 1852
1851 1849
1851 1850
1851 1852
1852 1849
1852 1850
1852 1851
1852 1853
1853 1854
1853 1855
1853 1856
1854 1853
1854 1855
1854 1856
1855 1853
1855 1854
1855 1856
1856 1853
1856 1854
1856 1855
1856 1857
1857 1858
1857 1859
1857 1860
1858 1857
1858 1859
1858 1860
1859 1857
1859 1858
1859 1860
1860 1857
1860 1858
1860 1859
1860 1861
1861 1862
1861 1863
1861 1864
1862 1861
1862 1863
1862 1864
1863 1861
1863 1862
1863 1864
1864 1861
1864 1862
1864 1863
1864 1865
1865 1866
1865 1867
1865 1868
1866 1865
1866 1867
1866 1868
1867 1865
1867 1866
1867 1868
1868 1865
1868 1866
1868 1867
1868 1869
1869 1870
1869 1871
1869 1872
1870 1869
1870 1871
1870 1872
1871 1869
1871 1870
1871 1872
1872 1869
1872 1870
1872 1871
1872 1873
1873 1874
1873 1875
1873 1876
1874 1873
1874 1875
1874 1876
1875 1873
1875 1874
1875 1876
1876 1873
1876 1874
1876 1875
1876 1877
1877 1878
1877 1879
1877 1880
1878 1877
1878 1879
1878 1880
1879 1877
1879 1878
1879 1880
1880 1877
1880 1878
1880 1879
1880 1881
1881 1882
1881 1883
1881 1884
1882 1881
1882 1883
1882 1884
1883 1881
1883 1882
1883 1884
1884 1881
1884 1882
1884 1883
1884 1885
1885 1886
1885 1887
1885 1888
1886 1885
1886 1887
1886 1888
1887 1885
1887 1886
1887 1888
1888 1885
1888 1886
1888 1887
1888 1889
1889 1890
1889 1891
1889 1892
1890 1889
1890 1891
1890 1892
1891 1889
1891 1890
1891 1892
1892 1889
1892 1890
1892 1891
1892 1893
1893 1894
1893 1895
1893 1896
1894 1893
1894 1895
1894 1896
1895 1893
1895 1894
1895 1896
1896 1893
1896 1894
1896 1895
1896 1897
1897 1898
1897 1899
1897 1900
1898 1897
1898 1899
1898 1900
1899 1897
1899 1898
1899 1900
1900 1897
1900 1898
1900 1899
1900 1901
1901 1902
1901 1903
1901 1904
1902 1901
1902 1903
1902 1904
1903 1901
1903 1902
1903 1904
1904 1901
1904 1902
1904 1903
1904 1905
1905 1906
1905 1907
1905 1908
1906 1905
1906 1907
1906 1908
1907 1905
1907 1906
1907 1908
1908 1905
1908 1906
1908 1907
1908 1909
1909 1910
1909 1911
1909 1912
1910 1909
1910 1911
1910 1912
1911 1909
1911 1910
1911 1912
1912 1909
1912 1910
1912 1911
1912 1913
1913 1914
1913 1915
1913 1916
1914 1913
1914 1915
1914 1916
1915 1913
1915 1914
1915 1916
1916 1913
1916 1914
1916 1915
1916 1917
1917 1918
1917 1919
1917 1920
1918 1917
1918 1919
1918 1920
1919 1917
1919 1918
1919 1920
1920 1917
1920 1918
1920 1919
1920 1921
1921 1922
1921 1923
1921 1924
1922 1921
1922 1923
1922 1924
1923 1921
1923 1922
1923 1924
1924 1921
1924 1922
1924 1923
1924 1925
1925 1926
1925 1927
1925 1928
1926 1925
1926 1927
1926 1928
1927 1925
1927 1926
1927 1928
1928 1925
1928 1926
1928 1927
1928 1929
1929 1930
1929 1931
1929 1932
1930 1929
1930 1931
1930 1932
1931 1929
1931 1930
1931 1932
1932 1929
1932 1930
1932 1931
1932 1933
1933 1934
1933 1935
1933 1936
1934 1933
1934 1935
1934 1936
1935 1933
1935 1934
1935 1936
1936 1933
1936 1934
1936 1935
1936 1937
1937 1938
1937 1939
1937 1940
1938 1937
1938 1939
1938 1940
1939 1937
1939 1938
1939 1940
1940 1937
1940 1938
1940 1939
1940 1941
1941 1942
1941 1943
1941 1944
1942 1941
1942 1943
1942 1944
1943 1941
1943 1942
1943 1944
1944 1941
1944 1942
1944 1943
1944 1945
1945 1946
1945 1947
1945 1948
1946 1945
1946 1947
1946 1948
1947 1945
1947 1946
1947 1948
1948 1945
1948 1946
1948 1947
1948 1949
1949 1950
1949 1951
1949 1952
1950 1949
1950 1951
1950 1952
1951 1949
1951 1950
1951 1952
1952 1949
1952 1950
1952 1951
1952 1953
1953 1954
1953 1955
1953 1956
1954 1953
1954 1955
1954 1956
1955 1953
1955 1954
1955 1956
1956 1953
1956 1954
1956 1955
1956 1957
1957 1958
1957 1959
1957 1960
1958 1957
1958 1959
1958 1960
1959 1957
1959 1958
1959 1960
1960 1957
1960 1958
1960 1959
1960 1961
1961 1962
1961 1963
1961 1964
1962 1961
1962 1963
1962 1964
1963 1961
1963 1962
1963 1964
1964 1961
1964 1962
1964 1963
1964 1965
1965 1966
1965 1967
1965 1968
1966 1965
1966 1967
1966 1968
1967 1965
1967 1966
1967 1968
1968 1965
1968 1966
1968 1967
1968 1969
1969 1970
1969 1971
1969 1972
1970 1969
1970 1971
1970 1972
1971 1969
1971 1970
1971 1972
1972 1969
1972 1970
1972 1971
1972 1973
1973 1974
1973 1975
1973 1976
1974 1973
1974 1975
1974 1976
1975 1973
1975 1974
1975 1976
1976 1973
1976 1974
1976 1975
1976 1977
1977 1978
1977 1979
1977 1980
1978 1977
1978 1979
1978 1980
1979 1977
1979 1978
1979 1980
1980 1977
1980 1978
1980 1979
1980 1981
1981 1982
1981 1983
1981 1984
1982 1981
1982 1983
1982 1984
1983 1981
1983 1982
1983 1984
1984 1981
1984 1982
1984 1983
1984 1985
1985 1986
1985 1987
1985 1988
1986 1985
1986 1987
1986 1988
1987 1985
1987 1986
1987 1988
1988 1985
1988 1986
1988 1987
1988 1989
1989 1990
1989 1991
1989 1992
1990 1989
1990 1991
1990 1992
1991 1989
1991 1990
1991 1992
1992 1989
1992 1990
1992 1991
1992 1993
1993 1994
1993 1995
1993 1996
1994 1993
1994 1995
1994 1996
1995 1993
1995 1994
1995 1996
1996 1993
1996 1994
1996 1995
1996 1997
1997 1998
1997 1999
1997 2000
1998 1997
1998 1999
1998 2000
1999 1997
1999 1998
1999 2000
2000 1997
2000 1998
2000 1999
