100 349
1 2
1 3
1 4
2 1
2 3
2 4
3 7
3 1
3 2
3 4
4 1
4 2
4 3
4 5
5 11
5 6
5 7
5 8
6 5
6 7
6 8
7 15
7 5
7 6
7 8
8 5
8 6
8 7
8 9
9 19
9 10
9 11
9 12
10 9
10 11
10 12
11 23
11 9
11 10
11 12
12 9
12 10
12 11
12 13
13 27
13 14
13 15
13 16
14 13
14 15
14 16
15 31
15 13
15 14
15 16
16 13
16 14
16 15
16 17
17 35
17 18
17 19
17 20
18 17
18 19
18 20
19 39
19 17
19 18
19 20
20 17
20 18
20 19
20 21
21 43
21 22
21 23
21 24
22 21
22 23
22 24
23 47
23 21
23 22
23 24
24 21
24 22
24 23
24 25
25 51
25 26
25 27
25 28
26 25
26 27
26 28
27 55
27 25
27 26
27 28
28 25
28 26
28 27
28 29
29 59
29 30
29 31
29 32
30 29
30 31
30 32
31 63
31 29
31 30
31 32
32 29
32 30
32 31
32 33
33 67
33 34
33 35
33 36
34 33
34 35
34 36
35 71
35 33
35 34
35 36
36 33
36 34
36 35
36 37
37 75
37 38
37 39
37 40
38 37
38 39
38 40
39 79
39 37
39 38
39 40
40 37
40 38
40 39
40 41
41 83
41 42
41 43
41 44
42 41
42 43
42 44
43 87
43 41
43 42
43 44
44 41
44 42
44 43
44 45
45 91
45 46
45 47
45 48
46 45
46 47
46 48
47 95
47 45
47 46
47 48
48 45
48 46
48 47
48 49
49 99
49 50
49 51
49 52
50 49
50 51
50 52
51 49
51 50
51 52
52 49
52 50
52 51
52 53
53 54
53 55
53 56
54 53
54 55
54 56
55 53
55 54
55 56
56 53
56 54
56 55
56 57
57 58
57 59
57 60
58 57
58 59
58 60
59 57
59 58
59 60
60 57
60 58
60 59
60 61
61 62
61 63
61 64
62 61
62 63
62 64
63 61
63 62
63 64
64 61
64 62
64 63
64 65
65 66
65 67
65 68
66 65
66 67
66 68
67 65
67 66
67 68
68 65
68 66
68 67
68 69
69 70
69 71
69 72
70 69
70 71
70 72
71 69
71 70
71 72
72 69
72 70
72 71
72 73
73 74
73 75
73 76
74 73
74 75
74 76
75 73
75 74
75 76
76 73
76 74
76 75
76 77
77 78
77 79
77 80
78 77
78 79
78 80
79 77
79 78
79 80
80 77
80 78
80 79
80 81
81 82
81 83
81 84
82 81
82 83
82 84
83 81
83 82
83 84
84 81
84 82
84 83
84 85
85 86
85 87
85 88
86 85
86 87
86 88
87 85
87 86
87 88
88 85
88 86
88 87
88 89
89 90
89 91
89 92
90 89
90 91
90 92
91 89
91 90
91 92
92 89
92 90
92 91
92 93
93 94
93 95
93 96
94 93
94 95
94 96
95 93
95 94
95 96
96 93
96 94
96 95
96 97
97 98
97 99
97 100
98 97
98 99
98 100
99 97
99 98
99 100
100 97
100 98
100 99
