1000 3439
1 704
1 336
1 529
1 958
1 999
2 704
2 336
3 704
3 336
3 529
3 958
4 704
5 704
5 336
5 529
5 958
6 704
6 336
6 529
7 704
7 336
7 529
7 958
8 704
8 336
9 704
9 336
10 704
10 336
10 529
10 958
10 999
10 651
11 704
11 336
12 704
12 336
12 529
12 958
13 704
13 336
13 529
14 704
14 336
14 529
14 958
15 704
15 336
15 529
15 958
16 704
16 336
16 529
16 958
16 999
17 704
17 336
18 704
18 336
18 529
19 704
19 336
19 529
20 704
20 336
20 529
20 958
21 704
22 704
22 336
22 529
22 958
22 999
23 704
23 336
23 529
23 958
23 999
24 704
24 336
24 529
24 958
24 999
25 704
25 336
26 704
26 336
26 529
26 958
27 704
27 336
27 529
28 704
28 336
29 704
29 336
29 529
30 704
30 336
30 529
30 958
31 704
31 336
31 529
31 958
32 704
32 336
32 529
32 958
32 999
32 651
32 560
33 704
33 336
34 704
34 336
34 529
34 958
35 704
35 336
35 529
35 958
35 999
36 704
36 336
36 529
36 958
36 999
36 651
37 704
37 336
37 529
38 704
38 336
38 529
39 704
39 336
39 529
39 958
39 999
40 704
40 336
41 704
41 336
41 529
42 704
43 704
43 336
43 529
43 958
44 704
44 336
44 529
44 958
44 999
44 651
45 704
45 336
45 529
45 958
46 704
46 336
47 704
47 336
47 529
47 958
47 999
48 704
48 336
48 529
49 704
49 336
49 529
49 958
50 704
50 336
51 704
51 336
51 529
52 704
52 336
52 529
52 958
53 704
53 336
54 704
54 336
54 529
54 958
55 704
55 336
55 529
55 958
55 999
56 704
56 336
56 529
56 958
56 999
57 704
57 336
58 704
58 336
59 704
59 336
60 704
60 336
60 529
61 704
61 336
61 529
62 704
62 336
62 529
62 958
62 999
63 704
63 336
63 529
64 704
64 336
64 529
64 958
65 704
65 336
65 529
65 958
65 999
66 704
66 336
67 704
67 336
67 529
67 958
67 999
68 704
68 336
68 529
68 958
68 999
68 651
69 704
69 336
69 529
69 958
70 704
70 336
70 529
70 958
71 704
71 336
71 529
71 958
71 999
72 704
72 336
72 529
72 958
72 999
73 704
73 336
73 529
73 958
73 999
74 704
74 336
75 704
75 336
75 529
76 704
76 336
77 704
77 336
77 529
77 958
77 999
78 704
78 336
78 529
78 958
78 999
78 651
78 560
79 704
79 336
79 529
79 958
80 704
80 336
81 704
81 336
81 529
81 958
81 999
81 651
82 704
83 704
83 336
83 529
83 958
83 999
83 651
83 560
84 704
84 336
84 529
85 704
85 336
86 704
86 336
86 529
86 958
86 999
87 704
87 336
87 529
87 958
87 999
87 651
87 560
87 701
88 704
88 336
88 529
88 958
88 999
89 704
89 336
89 529
90 704
90 336
90 529
90 958
91 704
91 336
91 529
91 958
91 999
92 704
92 336
92 529
93 704
93 336
93 529
93 958
94 704
94 336
94 529
94 958
94 999
94 651
94 560
94 701
95 704
96 704
97 704
97 336
97 529
97 958
97 999
98 704
98 336
98 529
98 958
99 704
99 336
99 529
99 958
99 999
99 651
99 560
100 704
100 336
100 529
101 704
101 336
101 529
102 704
102 336
102 529
102 958
103 704
103 336
104 704
104 336
104 529
104 958
104 999
104 651
105 704
105 336
105 529
105 958
105 999
106 704
106 336
106 529
106 958
106 999
107 704
107 336
107 529
108 704
108 336
108 529
108 958
108 999
108 651
108 560
109 704
109 336
109 529
110 704
110 336
110 529
110 958
111 704
111 336
112 704
112 336
112 529
112 958
112 999
113 704
113 336
113 529
113 958
113 999
113 651
114 704
114 336
114 529
115 704
115 336
116 704
116 336
116 529
116 958
116 999
117 704
117 336
118 704
118 336
118 529
118 958
118 999
119 704
119 336
120 704
120 336
121 704
121 336
121 529
121 958
121 999
121 651
122 704
122 336
122 529
122 958
123 704
123 336
123 529
123 958
123 999
124 704
125 704
125 336
125 529
126 704
127 704
127 336
127 529
127 958
128 704
129 704
129 336
130 704
130 336
131 704
131 336
131 529
132 704
133 704
133 336
133 529
134 704
134 336
134 529
134 958
135 704
136 704
136 336
136 529
136 958
136 999
136 651
137 704
137 336
137 529
138 704
138 336
138 529
138 958
138 999
139 704
140 704
140 336
140 529
140 958
141 704
141 336
141 529
141 958
142 704
142 336
142 529
142 958
143 704
143 336
143 529
144 704
144 336
144 529
145 704
145 336
145 529
146 704
146 336
146 529
146 958
146 999
146 651
147 704
147 336
147 529
147 958
147 999
148 704
148 336
148 529
148 958
148 999
149 704
149 336
149 529
149 958
150 704
150 336
151 704
151 336
152 704
152 336
152 529
152 958
152 999
153 704
153 336
153 529
153 958
154 704
154 336
154 529
154 958
155 704
155 336
155 529
155 958
155 999
156 704
156 336
156 529
156 958
156 999
157 704
157 336
157 529
157 958
158 704
158 336
158 529
158 958
159 704
159 336
159 529
159 958
160 704
160 336
160 529
161 704
161 336
161 529
162 704
162 336
162 529
162 958
162 999
163 704
163 336
163 529
164 704
164 336
164 529
164 958
165 704
165 336
165 529
165 958
166 704
167 704
167 336
167 529
168 704
168 336
168 529
168 958
169 704
170 704
170 336
170 529
171 704
171 336
172 704
172 336
173 704
173 336
174 704
174 336
174 529
174 958
174 999
174 651
174 560
175 704
175 336
175 529
175 958
175 999
175 651
176 704
176 336
176 529
177 704
177 336
177 529
178 704
178 336
178 529
178 958
178 999
178 651
179 704
179 336
179 529
180 704
180 336
180 529
180 958
180 999
180 651
181 704
181 336
181 529
181 958
181 999
182 704
182 336
182 529
182 958
183 704
183 336
183 529
183 958
184 704
184 336
184 529
184 958
185 704
186 704
186 336
186 529
186 958
187 704
187 336
187 529
187 958
188 704
188 336
189 704
189 336
189 529
189 958
190 704
190 336
190 529
190 958
191 704
191 336
192 704
192 336
193 704
193 336
194 704
194 336
195 704
195 336
195 529
195 958
196 704
196 336
196 529
197 704
197 336
198 704
198 336
199 704
199 336
199 529
200 704
200 336
200 529
200 958
200 999
201 704
201 336
201 529
201 958
202 704
202 336
203 704
203 336
203 529
204 704
204 336
204 529
204 958
205 704
205 336
205 529
206 704
206 336
206 529
207 704
207 336
207 529
208 704
208 336
208 529
208 958
208 999
209 704
209 336
209 529
209 958
209 999
210 704
210 336
210 529
211 704
211 336
211 529
212 704
212 336
212 529
213 704
213 336
213 529
213 958
214 704
214 336
214 529
214 958
215 704
215 336
215 529
215 958
216 704
216 336
216 529
217 704
217 336
217 529
217 958
218 704
218 336
218 529
218 958
218 999
219 704
219 336
219 529
219 958
220 704
220 336
220 529
220 958
220 999
221 704
221 336
221 529
222 704
222 336
222 529
223 704
223 336
224 704
224 336
224 529
225 704
225 336
225 529
225 958
226 704
226 336
226 529
226 958
227 704
227 336
227 529
228 704
228 336
228 529
228 958
229 704
229 336
230 704
230 336
231 704
231 336
231 529
232 704
232 336
232 529
233 704
233 336
234 704
235 704
235 336
236 704
236 336
236 529
236 958
237 704
237 336
238 704
238 336
238 529
239 704
239 336
240 704
240 336
240 529
240 958
241 704
241 336
241 529
241 958
241 999
241 651
242 704
242 336
243 704
243 336
243 529
243 958
243 999
243 651
243 560
244 704
244 336
244 529
245 704
245 336
245 529
245 958
246 704
246 336
246 529
247 704
247 336
247 529
248 704
248 336
249 704
249 336
250 704
250 336
250 529
250 958
250 999
251 704
251 336
252 704
252 336
252 529
253 704
253 336
253 529
253 958
254 704
255 704
255 336
256 704
256 336
256 529
257 704
257 336
257 529
257 958
257 999
257 651
258 704
258 336
258 529
258 958
258 999
259 704
259 336
260 704
261 704
261 336
261 529
261 958
261 999
262 704
262 336
262 529
263 704
263 336
263 529
263 958
263 999
263 651
263 560
264 704
264 336
264 529
264 958
264 999
264 651
264 560
265 704
265 336
265 529
266 704
266 336
267 704
267 336
267 529
268 704
268 336
268 529
269 704
269 336
270 704
270 336
270 529
270 958
271 704
272 704
272 336
272 529
272 958
273 704
273 336
273 529
273 958
274 704
274 336
274 529
275 704
275 336
276 704
276 336
276 529
277 704
277 336
277 529
277 958
277 999
278 704
278 336
278 529
278 958
279 704
279 336
279 529
279 958
279 999
280 704
281 704
281 336
281 529
281 958
282 704
282 336
282 529
282 958
283 704
283 336
283 529
284 704
284 336
284 529
284 958
285 704
286 704
286 336
286 529
286 958
287 704
287 336
287 529
287 958
288 704
288 336
288 529
289 704
289 336
289 529
290 704
290 336
290 529
290 958
290 999
291 704
291 336
291 529
292 704
292 336
292 529
292 958
292 999
293 704
294 704
294 336
294 529
295 704
295 336
296 704
296 336
296 529
296 958
296 999
297 704
298 704
298 336
298 529
298 958
298 999
298 651
299 704
299 336
299 529
300 704
300 336
300 529
301 704
301 336
301 529
302 704
302 336
302 529
302 958
303 704
303 336
303 529
303 958
304 704
304 336
304 529
305 704
305 336
305 529
306 704
306 336
307 704
307 336
307 529
308 704
308 336
308 529
308 958
309 704
309 336
309 529
309 958
309 999
310 704
310 336
311 704
311 336
311 529
311 958
311 999
312 704
312 336
312 529
312 958
312 999
313 704
313 336
313 529
313 958
313 999
314 704
314 336
314 529
314 958
315 704
315 336
315 529
315 958
315 999
315 651
316 704
316 336
316 529
317 704
317 336
317 529
317 958
318 704
318 336
319 704
319 336
319 529
319 958
319 999
320 704
320 336
320 529
321 704
321 336
321 529
322 704
322 336
322 529
323 704
324 704
325 704
325 336
325 529
326 704
326 336
326 529
327 704
327 336
327 529
327 958
327 999
328 704
328 336
328 529
329 704
329 336
329 529
330 704
330 336
330 529
330 958
331 704
332 704
332 336
332 529
333 704
334 704
334 336
334 529
334 958
334 999
335 704
335 336
335 529
335 958
336 704
337 704
337 336
338 704
338 336
338 529
338 958
338 999
338 651
339 704
339 336
339 529
339 958
339 999
339 651
340 704
340 336
340 529
341 704
342 704
342 336
342 529
342 958
343 704
343 336
344 704
344 336
344 529
344 958
344 999
345 704
345 336
345 529
346 704
347 704
347 336
347 529
347 958
347 999
347 651
347 560
348 704
348 336
348 529
349 704
349 336
349 529
349 958
350 704
350 336
350 529
351 704
351 336
351 529
351 958
352 704
352 336
352 529
352 958
352 999
352 651
353 704
353 336
353 529
353 958
353 999
353 651
354 704
354 336
355 704
355 336
355 529
355 958
355 999
355 651
356 704
356 336
357 704
357 336
357 529
357 958
357 999
358 704
358 336
358 529
358 958
358 999
359 704
359 336
359 529
359 958
360 704
360 336
360 529
360 958
360 999
361 704
361 336
361 529
361 958
361 999
362 704
362 336
362 529
362 958
362 999
363 704
363 336
363 529
363 958
363 999
364 704
364 336
364 529
364 958
364 999
364 651
364 560
365 704
365 336
366 704
366 336
366 529
366 958
366 999
367 704
367 336
367 529
368 704
368 336
368 529
369 704
369 336
370 704
370 336
370 529
370 958
371 704
371 336
371 529
371 958
371 999
371 651
371 560
372 704
372 336
372 529
372 958
373 704
373 336
373 529
373 958
374 704
375 704
375 336
375 529
375 958
375 999
376 704
376 336
377 704
378 704
378 336
378 529
378 958
379 704
379 336
379 529
379 958
380 704
380 336
381 704
381 336
381 529
381 958
382 704
382 336
382 529
382 958
383 704
383 336
383 529
384 704
384 336
384 529
385 704
385 336
385 529
385 958
386 704
386 336
386 529
386 958
387 704
387 336
388 704
388 336
388 529
388 958
388 999
388 651
389 704
389 336
389 529
389 958
389 999
389 651
390 704
390 336
390 529
391 704
391 336
391 529
391 958
391 999
391 651
392 704
392 336
392 529
392 958
392 999
393 704
393 336
393 529
393 958
393 999
394 704
394 336
394 529
394 958
395 704
395 336
396 704
396 336
396 529
396 958
396 999
397 704
397 336
397 529
398 704
398 336
398 529
398 958
398 999
398 651
399 704
399 336
399 529
400 704
400 336
401 704
402 704
402 336
402 529
402 958
402 999
402 651
403 704
403 336
403 529
403 958
404 704
404 336
404 529
405 704
405 336
405 529
405 958
406 704
406 336
406 529
406 958
407 704
407 336
407 529
407 958
407 999
407 651
407 560
408 704
409 704
410 704
410 336
410 529
411 704
411 336
411 529
411 958
411 999
412 704
412 336
412 529
412 958
412 999
413 704
413 336
413 529
413 958
413 999
413 651
414 704
414 336
414 529
414 958
415 704
415 336
415 529
415 958
415 999
416 704
417 704
417 336
418 704
418 336
418 529
419 704
419 336
420 704
420 336
420 529
420 958
420 999
421 704
421 336
421 529
421 958
421 999
422 704
422 336
423 704
423 336
423 529
423 958
424 704
424 336
424 529
424 958
425 704
425 336
425 529
426 704
426 336
426 529
426 958
427 704
427 336
427 529
428 704
429 704
429 336
429 529
429 958
429 999
429 651
430 704
430 336
430 529
431 704
431 336
431 529
431 958
432 704
432 336
432 529
432 958
432 999
432 651
433 704
433 336
434 704
434 336
434 529
434 958
434 999
434 651
435 704
435 336
435 529
435 958
436 704
436 336
437 704
438 704
438 336
438 529
439 704
439 336
439 529
440 704
440 336
440 529
441 704
441 336
441 529
442 704
443 704
443 336
443 529
443 958
443 999
444 704
444 336
444 529
444 958
445 704
445 336
446 704
446 336
446 529
446 958
446 999
447 704
447 336
447 529
447 958
448 704
448 336
448 529
448 958
448 999
449 704
450 704
450 336
450 529
451 704
451 336
452 704
452 336
453 704
453 336
453 529
453 958
453 999
454 704
455 704
455 336
455 529
455 958
455 999
456 704
456 336
456 529
456 958
457 704
458 704
458 336
458 529
458 958
459 704
459 336
459 529
460 704
460 336
460 529
461 704
461 336
461 529
461 958
462 704
462 336
463 704
463 336
463 529
463 958
464 704
464 336
464 529
464 958
465 704
465 336
465 529
466 704
466 336
466 529
466 958
467 704
468 704
468 336
468 529
469 704
469 336
469 529
469 958
470 704
470 336
470 529
470 958
470 999
471 704
471 336
472 704
472 336
472 529
472 958
473 704
473 336
474 704
474 336
475 704
475 336
475 529
476 704
476 336
476 529
476 958
477 704
477 336
477 529
477 958
478 704
478 336
478 529
478 958
479 704
479 336
479 529
479 958
479 999
480 704
480 336
480 529
480 958
480 999
480 651
480 560
481 704
481 336
481 529
482 704
482 336
483 704
484 704
484 336
484 529
484 958
485 704
485 336
485 529
485 958
486 704
486 336
487 704
487 336
487 529
488 704
488 336
488 529
488 958
488 999
488 651
489 704
489 336
490 704
490 336
490 529
491 704
491 336
491 529
491 958
491 999
492 704
492 336
492 529
492 958
493 704
493 336
493 529
493 958
493 999
493 651
493 560
494 704
495 704
495 336
496 704
496 336
496 529
497 704
497 336
498 704
498 336
499 704
500 704
501 704
501 336
501 529
501 958
501 999
501 651
502 704
502 336
502 529
502 958
502 999
502 651
503 704
503 336
504 704
504 336
505 704
505 336
505 529
506 704
506 336
506 529
506 958
506 999
506 651
507 704
507 336
507 529
508 704
508 336
508 529
508 958
509 704
510 704
510 336
510 529
511 704
511 336
511 529
511 958
511 999
512 704
512 336
512 529
512 958
512 999
513 704
513 336
513 529
513 958
514 704
514 336
515 704
516 704
516 336
516 529
517 704
517 336
517 529
517 958
518 704
518 336
518 529
518 958
519 704
519 336
519 529
520 704
520 336
520 529
520 958
520 999
521 704
521 336
521 529
521 958
521 999
521 651
522 704
522 336
522 529
522 958
523 704
523 336
523 529
523 958
523 999
524 704
524 336
524 529
524 958
525 704
525 336
525 529
525 958
525 999
526 704
526 336
526 529
526 958
527 704
527 336
528 704
528 336
529 704
529 336
529 958
529 999
529 651
530 704
530 336
531 704
531 336
531 529
532 704
532 336
532 529
533 704
533 336
533 529
533 958
533 999
534 704
534 336
534 529
534 958
535 704
535 336
535 529
535 958
535 999
536 704
537 704
537 336
537 529
537 958
538 704
538 336
538 529
538 958
538 999
539 704
539 336
540 704
540 336
541 704
541 336
541 529
541 958
541 999
541 651
542 704
542 336
542 529
542 958
542 999
542 651
543 704
543 336
543 529
543 958
544 704
544 336
545 704
545 336
546 704
546 336
547 704
547 336
547 529
548 704
549 704
549 336
549 529
550 704
550 336
550 529
551 704
551 336
551 529
551 958
551 999
551 651
551 560
551 701
552 704
552 336
553 704
553 336
553 529
553 958
553 999
554 704
554 336
554 529
555 704
555 336
555 529
555 958
556 704
556 336
556 529
556 958
557 704
557 336
557 529
557 958
558 704
558 336
558 529
558 958
559 704
559 336
560 704
560 336
560 529
560 958
560 999
560 651
561 704
561 336
561 529
561 958
561 999
561 651
561 560
562 704
562 336
563 704
564 704
564 336
565 704
565 336
565 529
565 958
565 999
565 651
566 704
566 336
566 529
567 704
567 336
567 529
567 958
567 999
567 651
567 560
568 704
568 336
568 529
568 958
569 704
569 336
569 529
569 958
569 999
569 651
570 704
570 336
570 529
570 958
570 999
571 704
571 336
571 529
571 958
571 999
571 651
571 560
572 704
572 336
572 529
573 704
573 336
573 529
574 704
574 336
574 529
574 958
575 704
575 336
575 529
575 958
575 999
576 704
576 336
576 529
577 704
578 704
578 336
579 704
579 336
579 529
580 704
580 336
580 529
580 958
580 999
581 704
581 336
582 704
582 336
583 704
584 704
584 336
584 529
584 958
585 704
585 336
585 529
586 704
586 336
586 529
586 958
586 999
587 704
587 336
587 529
587 958
587 999
588 704
588 336
589 704
589 336
590 704
590 336
590 529
590 958
591 704
591 336
591 529
591 958
591 999
591 651
592 704
593 704
593 336
593 529
594 704
594 336
594 529
594 958
594 999
595 704
595 336
595 529
596 704
596 336
596 529
596 958
596 999
596 651
597 704
597 336
598 704
598 336
598 529
599 704
600 704
601 704
601 336
601 529
601 958
602 704
602 336
602 529
603 704
603 336
603 529
603 958
603 999
604 704
604 336
605 704
605 336
605 529
606 704
606 336
606 529
607 704
608 704
608 336
608 529
609 704
609 336
609 529
610 704
610 336
610 529
611 704
611 336
611 529
611 958
612 704
612 336
612 529
612 958
612 999
613 704
613 336
613 529
614 704
614 336
614 529
614 958
614 999
615 704
615 336
615 529
616 704
616 336
616 529
617 704
617 336
617 529
617 958
618 704
618 336
618 529
618 958
619 704
620 704
620 336
620 529
620 958
621 704
621 336
621 529
621 958
622 704
623 704
623 336
623 529
624 704
624 336
625 704
625 336
625 529
625 958
625 999
626 704
626 336
626 529
626 958
627 704
627 336
628 704
628 336
629 704
629 336
630 704
630 336
630 529
630 958
631 704
631 336
631 529
631 958
631 999
632 704
632 336
632 529
633 704
633 336
634 704
634 336
634 529
634 958
635 704
635 336
635 529
636 704
636 336
636 529
636 958
636 999
637 704
637 336
637 529
637 958
637 999
637 651
637 560
638 704
638 336
638 529
638 958
639 704
639 336
640 704
640 336
640 529
641 704
642 704
643 704
643 336
643 529
643 958
643 999
643 651
643 560
644 704
644 336
644 529
644 958
645 704
645 336
645 529
645 958
646 704
646 336
646 529
647 704
647 336
647 529
647 958
648 704
648 336
648 529
648 958
648 999
649 704
649 336
650 704
650 336
650 529
650 958
651 704
651 336
652 704
652 336
653 704
653 336
653 529
653 958
654 704
654 336
654 529
654 958
654 999
655 704
655 336
656 704
656 336
657 704
657 336
657 529
657 958
658 704
659 704
659 336
660 704
661 704
661 336
661 529
661 958
661 999
661 651
662 704
662 336
662 529
662 958
662 999
663 704
663 336
663 529
664 704
664 336
664 529
665 704
665 336
665 529
665 958
666 704
666 336
667 704
667 336
667 529
667 958
668 704
668 336
669 704
669 336
669 529
669 958
669 999
670 704
670 336
670 529
670 958
671 704
671 336
671 529
671 958
672 704
672 336
672 529
672 958
672 999
672 651
672 560
673 704
673 336
673 529
673 958
674 704
674 336
675 704
675 336
675 529
676 704
676 336
676 529
676 958
677 704
677 336
677 529
678 704
678 336
678 529
678 958
678 999
679 704
679 336
679 529
679 958
680 704
680 336
680 529
680 958
681 704
681 336
681 529
682 704
682 336
682 529
683 704
683 336
683 529
683 958
684 704
685 704
685 336
686 704
686 336
686 529
686 958
687 704
688 704
688 336
688 529
689 704
689 336
689 529
690 704
690 336
690 529
690 958
690 999
690 651
691 704
691 336
692 704
692 336
693 704
693 336
693 529
693 958
693 999
694 704
695 704
696 704
696 336
696 529
696 958
696 999
696 651
696 560
697 704
697 336
697 529
697 958
698 704
698 336
698 529
699 704
699 336
699 529
699 958
700 704
700 336
700 529
700 958
700 999
701 704
701 336
701 529
702 704
702 336
702 529
702 958
702 999
702 651
703 704
703 336
703 529
703 958
703 999
703 651
704 336
704 529
704 958
705 704
706 704
706 336
707 704
708 704
708 336
708 529
708 958
709 704
709 336
709 529
710 704
710 336
711 704
711 336
711 529
711 958
712 704
712 336
712 529
712 958
712 999
713 704
713 336
713 529
714 704
714 336
715 704
715 336
715 529
715 958
715 999
715 651
716 704
716 336
716 529
717 704
717 336
717 529
717 958
717 999
718 704
718 336
718 529
718 958
718 999
718 651
718 560
718 701
719 704
719 336
719 529
720 704
720 336
721 704
721 336
721 529
722 704
723 704
723 336
723 529
724 704
725 704
725 336
725 529
726 704
726 336
727 704
727 336
727 529
727 958
727 999
728 704
728 336
728 529
728 958
729 704
730 704
730 336
731 704
731 336
731 529
731 958
732 704
732 336
732 529
733 704
734 704
734 336
735 704
735 336
735 529
735 958
735 999
736 704
736 336
737 704
737 336
737 529
737 958
737 999
738 704
738 336
738 529
738 958
738 999
738 651
739 704
739 336
739 529
739 958
740 704
740 336
740 529
740 958
741 704
741 336
742 704
742 336
742 529
743 704
743 336
743 529
744 704
744 336
745 704
745 336
745 529
745 958
745 999
745 651
745 560
745 701
746 704
746 336
746 529
746 958
747 704
747 336
747 529
748 704
748 336
748 529
749 704
749 336
750 704
750 336
750 529
750 958
751 704
751 336
751 529
752 704
752 336
752 529
752 958
753 704
753 336
753 529
754 704
755 704
755 336
755 529
756 704
756 336
757 704
757 336
758 704
758 336
758 529
759 704
759 336
759 529
759 958
760 704
760 336
760 529
760 958
760 999
761 704
761 336
762 704
762 336
763 704
763 336
763 529
763 958
764 704
764 336
765 704
765 336
766 704
766 336
766 529
766 958
766 999
766 651
767 704
767 336
767 529
768 704
768 336
768 529
769 704
769 336
769 529
770 704
770 336
771 704
771 336
771 529
771 958
771 999
772 704
772 336
772 529
772 958
772 999
773 704
774 704
774 336
775 704
775 336
776 704
776 336
776 529
776 958
777 704
778 704
778 336
778 529
778 958
779 704
779 336
779 529
779 958
779 999
779 651
780 704
780 336
780 529
780 958
780 999
781 704
781 336
782 704
782 336
782 529
783 704
783 336
783 529
783 958
783 999
783 651
783 560
783 701
784 704
784 336
784 529
785 704
786 704
786 336
786 529
786 958
786 999
787 704
787 336
788 704
788 336
788 529
788 958
788 999
789 704
789 336
789 529
789 958
789 999
789 651
790 704
790 336
791 704
791 336
791 529
792 704
792 336
792 529
792 958
792 999
793 704
794 704
794 336
795 704
796 704
796 336
796 529
796 958
796 999
796 651
797 704
797 336
797 529
797 958
797 999
798 704
798 336
798 529
799 704
799 336
799 529
799 958
799 999
799 651
800 704
801 704
801 336
801 529
801 958
802 704
802 336
803 704
803 336
803 529
803 958
804 704
804 336
804 529
805 704
805 336
805 529
806 704
806 336
807 704
807 336
807 529
808 704
808 336
809 704
810 704
810 336
810 529
810 958
811 704
811 336
811 529
811 958
811 999
812 704
812 336
812 529
813 704
814 704
814 336
814 529
814 958
814 999
815 704
815 336
815 529
816 704
816 336
816 529
816 958
817 704
818 704
818 336
818 529
818 958
819 704
819 336
819 529
819 958
819 999
820 704
820 336
821 704
821 336
821 529
821 958
821 999
821 651
821 560
822 704
823 704
823 336
823 529
823 958
823 999
824 704
824 336
824 529
825 704
825 336
826 704
826 336
826 529
826 958
826 999
826 651
827 704
827 336
827 529
828 704
828 336
828 529
829 704
829 336
829 529
829 958
830 704
830 336
830 529
830 958
831 704
831 336
832 704
832 336
833 704
833 336
833 529
834 704
835 704
836 704
837 704
838 704
838 336
838 529
839 704
839 336
839 529
839 958
839 999
840 704
841 704
841 336
842 704
842 336
842 529
842 958
842 999
842 651
842 560
842 701
843 704
843 336
843 529
843 958
843 999
844 704
844 336
844 529
844 958
844 999
844 651
845 704
845 336
846 704
846 336
847 704
847 336
847 529
847 958
848 704
849 704
849 336
849 529
850 704
851 704
851 336
851 529
852 704
852 336
852 529
852 958
853 704
853 336
853 529
854 704
854 336
854 529
854 958
855 704
855 336
855 529
856 704
857 704
857 336
857 529
858 704
858 336
858 529
858 958
858 999
858 651
858 560
859 704
859 336
859 529
859 958
859 999
859 651
860 704
860 336
860 529
860 958
860 999
861 704
861 336
861 529
862 704
863 704
864 704
864 336
864 529
864 958
865 704
865 336
865 529
866 704
866 336
866 529
867 704
867 336
867 529
868 704
868 336
868 529
868 958
868 999
869 704
869 336
869 529
870 704
870 336
871 704
871 336
871 529
872 704
872 336
872 529
872 958
873 704
873 336
873 529
874 704
874 336
874 529
874 958
874 999
875 704
875 336
875 529
875 958
875 999
875 651
875 560
876 704
876 336
876 529
876 958
877 704
877 336
878 704
878 336
878 529
878 958
878 999
879 704
879 336
880 704
880 336
880 529
880 958
880 999
880 651
880 560
881 704
881 336
881 529
881 958
881 999
881 651
882 704
883 704
883 336
883 529
884 704
884 336
884 529
885 704
885 336
886 704
886 336
886 529
887 704
887 336
887 529
887 958
888 704
888 336
889 704
889 336
889 529
890 704
890 336
890 529
890 958
891 704
891 336
891 529
892 704
892 336
892 529
892 958
893 704
893 336
894 704
895 704
895 336
895 529
895 958
896 704
896 336
896 529
897 704
897 336
897 529
897 958
897 999
898 704
898 336
899 704
899 336
900 704
900 336
900 529
900 958
901 704
901 336
901 529
901 958
902 704
902 336
902 529
902 958
903 704
903 336
904 704
904 336
905 704
906 704
906 336
906 529
906 958
906 999
906 651
907 704
907 336
907 529
908 704
908 336
908 529
908 958
909 704
909 336
909 529
909 958
910 704
911 704
911 336
911 529
911 958
911 999
912 704
913 704
913 336
913 529
913 958
914 704
914 336
914 529
914 958
914 999
915 704
915 336
916 704
917 704
917 336
917 529
918 704
918 336
918 529
918 958
918 999
918 651
919 704
919 336
919 529
920 704
920 336
921 704
921 336
922 704
922 336
922 529
922 958
923 704
923 336
923 529
923 958
923 999
923 651
923 560
924 704
925 704
925 336
925 529
925 958
925 999
925 651
926 704
926 336
926 529
926 958
926 999
926 651
927 704
928 704
928 336
928 529
928 958
928 999
929 704
929 336
929 529
929 958
930 704
930 336
931 704
932 704
932 336
932 529
933 704
934 704
934 336
934 529
934 958
934 999
935 704
935 336
935 529
936 704
936 336
937 704
937 336
937 529
938 704
938 336
938 529
939 704
939 336
940 704
940 336
941 704
941 336
941 529
941 958
942 704
942 336
943 704
944 704
944 336
944 529
944 958
944 999
944 651
944 560
945 704
945 336
946 704
946 336
946 529
947 704
947 336
948 704
948 336
949 704
949 336
949 529
949 958
949 999
950 704
950 336
950 529
951 704
952 704
952 336
952 529
953 704
953 336
953 529
953 958
954 704
954 336
954 529
954 958
955 704
955 336
955 529
955 958
955 999
955 651
956 704
956 336
956 529
956 958
957 704
957 336
958 704
958 336
958 529
959 704
960 704
960 336
960 529
960 958
960 999
961 704
961 336
961 529
961 958
961 999
962 704
963 704
963 336
963 529
964 704
964 336
964 529
964 958
964 999
964 651
964 560
964 701
965 704
965 336
966 704
966 336
966 529
967 704
967 336
967 529
967 958
968 704
968 336
968 529
968 958
969 704
969 336
969 529
969 958
969 999
970 704
971 704
971 336
971 529
972 704
972 336
972 529
973 704
973 336
973 529
974 704
975 704
975 336
975 529
976 704
976 336
976 529
976 958
977 704
977 336
977 529
978 704
978 336
979 704
979 336
979 529
979 958
979 999
979 651
979 560
980 704
980 336
981 704
981 336
981 529
982 704
982 336
982 529
982 958
982 999
983 704
983 336
983 529
984 704
984 336
984 529
985 704
985 336
986 704
987 704
987 336
987 529
988 704
988 336
988 529
988 958
989 704
990 704
991 704
991 336
991 529
991 958
992 704
992 336
992 529
992 958
992 999
993 704
993 336
993 529
993 958
993 999
993 651
993 560
993 701
994 704
994 336
995 704
995 336
995 529
995 958
995 999
995 651
996 704
996 336
996 529
996 958
996 999
996 651
997 704
997 336
997 529
998 704
998 336
998 529
998 958
999 704
999 336
999 529
999 958
999 651
999 560
1000 704
1000 336
1000 529
1000 958
