500 1725
1 72
2 72
2 291
2 112
3 72
3 291
3 112
3 468
3 358
3 128
4 72
5 72
5 291
5 112
6 72
6 291
7 72
7 291
7 112
7 468
7 358
7 128
7 363
8 72
8 291
9 72
9 291
9 112
10 72
10 291
10 112
10 468
10 358
11 72
11 291
11 112
11 468
11 358
12 72
12 291
12 112
12 468
13 72
13 291
13 112
13 468
13 358
14 72
14 291
14 112
14 468
14 358
14 128
14 363
15 72
15 291
16 72
16 291
16 112
16 468
17 72
17 291
17 112
17 468
18 72
18 291
19 72
19 291
19 112
20 72
20 291
21 72
21 291
21 112
21 468
22 72
22 291
22 112
23 72
23 291
23 112
24 72
24 291
25 72
25 291
26 72
26 291
26 112
26 468
27 72
27 291
27 112
27 468
27 358
27 128
27 363
28 72
28 291
28 112
28 468
29 72
30 72
31 72
31 291
32 72
32 291
32 112
32 468
32 358
32 128
33 72
33 291
33 112
34 72
34 291
34 112
34 468
34 358
34 128
35 72
35 291
35 112
36 72
36 291
36 112
37 72
37 291
37 112
37 468
38 72
38 291
38 112
39 72
39 291
39 112
39 468
39 358
39 128
40 72
40 291
40 112
40 468
40 358
40 128
41 72
41 291
41 112
42 72
42 291
42 112
42 468
43 72
43 291
43 112
43 468
43 358
43 128
43 363
44 72
44 291
44 112
45 72
45 291
46 72
46 291
47 72
47 291
47 112
48 72
48 291
49 72
49 291
49 112
49 468
50 72
50 291
50 112
51 72
51 291
51 112
51 468
51 358
52 72
53 72
53 291
54 72
55 72
55 291
55 112
55 468
55 358
56 72
56 291
57 72
57 291
57 112
57 468
58 72
58 291
58 112
58 468
58 358
58 128
59 72
59 291
59 112
59 468
60 72
60 291
60 112
60 468
61 72
61 291
61 112
61 468
62 72
62 291
63 72
63 291
63 112
64 72
65 72
66 72
66 291
66 112
66 468
67 72
67 291
68 72
68 291
68 112
68 468
69 72
69 291
69 112
69 468
70 72
71 72
71 291
71 112
71 468
72 291
72 112
72 468
72 358
73 72
73 291
74 72
74 291
75 72
75 291
75 112
75 468
76 72
76 291
76 112
76 468
77 72
78 72
78 291
78 112
78 468
79 72
79 291
79 112
79 468
80 72
80 291
81 72
81 291
81 112
81 468
81 358
81 128
82 72
82 291
82 112
82 468
82 358
82 128
82 363
83 72
83 291
83 112
83 468
83 358
84 72
84 291
84 112
85 72
85 291
85 112
85 468
85 358
85 128
86 72
86 291
86 112
87 72
87 291
87 112
87 468
87 358
88 72
88 291
88 112
88 468
89 72
90 72
90 291
90 112
90 468
91 72
91 291
91 112
91 468
92 72
92 291
92 112
92 468
92 358
92 128
93 72
94 72
94 291
94 112
94 468
95 72
95 291
95 112
95 468
96 72
97 72
97 291
97 112
97 468
98 72
98 291
98 112
98 468
99 72
99 291
99 112
100 72
100 291
101 72
101 291
102 72
102 291
102 112
102 468
102 358
103 72
103 291
103 112
103 468
103 358
103 128
103 363
103 113
104 72
104 291
104 112
104 468
105 72
105 291
106 72
107 72
107 291
107 112
108 72
108 291
109 72
109 291
109 112
109 468
109 358
110 72
111 72
112 72
112 291
112 468
112 358
113 72
113 291
113 112
113 468
114 72
114 291
114 112
114 468
114 358
115 72
115 291
115 112
116 72
116 291
116 112
116 468
117 72
117 291
117 112
118 72
118 291
119 72
119 291
119 112
119 468
120 72
121 72
121 291
121 112
121 468
122 72
122 291
122 112
122 468
122 358
122 128
123 72
123 291
124 72
125 72
125 291
126 72
127 72
127 291
127 112
128 72
128 291
128 112
128 468
128 358
128 363
129 72
129 291
129 112
130 72
130 291
130 112
130 468
131 72
131 291
131 112
131 468
132 72
132 291
132 112
132 468
132 358
133 72
134 72
134 291
134 112
135 72
135 291
136 72
136 291
136 112
136 468
136 358
137 72
137 291
138 72
138 291
138 112
138 468
138 358
139 72
139 291
139 112
140 72
140 291
140 112
140 468
141 72
141 291
141 112
141 468
141 358
142 72
142 291
143 72
143 291
143 112
143 468
143 358
143 128
144 72
144 291
145 72
145 291
146 72
146 291
146 112
147 72
147 291
147 112
147 468
148 72
148 291
149 72
149 291
149 112
149 468
150 72
150 291
150 112
150 468
151 72
151 291
151 112
152 72
152 291
152 112
152 468
153 72
153 291
153 112
153 468
154 72
154 291
154 112
155 72
155 291
155 112
155 468
156 72
156 291
157 72
157 291
157 112
157 468
157 358
158 72
158 291
158 112
158 468
158 358
159 72
159 291
159 112
159 468
159 358
159 128
160 72
160 291
160 112
160 468
160 358
160 128
161 72
161 291
161 112
162 72
162 291
162 112
162 468
162 358
162 128
162 363
163 72
164 72
165 72
166 72
166 291
166 112
166 468
167 72
167 291
168 72
169 72
169 291
169 112
169 468
170 72
170 291
170 112
170 468
170 358
171 72
171 291
171 112
171 468
172 72
172 291
172 112
172 468
173 72
173 291
173 112
173 468
173 358
174 72
174 291
174 112
174 468
174 358
174 128
174 363
174 113
175 72
175 291
175 112
175 468
175 358
176 72
176 291
176 112
176 468
176 358
177 72
177 291
177 112
178 72
179 72
179 291
179 112
179 468
179 358
180 72
180 291
181 72
181 291
182 72
182 291
182 112
182 468
182 358
182 128
183 72
183 291
184 72
184 291
184 112
184 468
185 72
185 291
185 112
185 468
186 72
186 291
187 72
187 291
187 112
188 72
188 291
188 112
188 468
188 358
188 128
188 363
189 72
189 291
189 112
189 468
189 358
189 128
190 72
190 291
191 72
191 291
192 72
192 291
193 72
194 72
194 291
194 112
194 468
194 358
194 128
195 72
195 291
196 72
196 291
196 112
196 468
197 72
197 291
198 72
198 291
198 112
198 468
199 72
199 291
199 112
200 72
200 291
200 112
201 72
201 291
201 112
202 72
202 291
203 72
203 291
203 112
204 72
204 291
205 72
205 291
205 112
206 72
206 291
206 112
206 468
207 72
207 291
208 72
208 291
208 112
209 72
209 291
209 112
210 72
210 291
210 112
210 468
210 358
211 72
211 291
211 112
211 468
212 72
212 291
212 112
212 468
213 72
213 291
213 112
213 468
214 72
214 291
214 112
215 72
215 291
215 112
215 468
215 358
216 72
217 72
217 291
218 72
218 291
219 72
219 291
219 112
219 468
220 72
220 291
220 112
221 72
221 291
221 112
221 468
221 358
222 72
222 291
222 112
222 468
222 358
222 128
223 72
223 291
224 72
224 291
224 112
224 468
225 72
225 291
226 72
226 291
226 112
226 468
226 358
226 128
226 363
227 72
227 291
227 112
227 468
228 72
228 291
228 112
228 468
228 358
228 128
229 72
229 291
229 112
229 468
229 358
229 128
229 363
230 72
230 291
230 112
230 468
230 358
231 72
231 291
231 112
231 468
231 358
232 72
232 291
232 112
232 468
233 72
233 291
233 112
234 72
234 291
234 112
235 72
236 72
236 291
236 112
237 72
237 291
237 112
238 72
238 291
239 72
239 291
239 112
240 72
240 291
240 112
240 468
241 72
241 291
241 112
241 468
242 72
243 72
244 72
244 291
244 112
244 468
244 358
244 128
245 72
245 291
246 72
246 291
246 112
247 72
247 291
248 72
248 291
249 72
249 291
249 112
249 468
249 358
250 72
250 291
251 72
251 291
251 112
252 72
252 291
252 112
253 72
253 291
253 112
254 72
254 291
254 112
255 72
255 291
255 112
255 468
255 358
255 128
255 363
256 72
257 72
257 291
257 112
257 468
258 72
258 291
258 112
258 468
259 72
259 291
259 112
259 468
260 72
260 291
261 72
261 291
261 112
261 468
262 72
262 291
262 112
262 468
263 72
263 291
263 112
264 72
264 291
265 72
265 291
265 112
265 468
266 72
266 291
266 112
267 72
267 291
268 72
268 291
268 112
268 468
269 72
270 72
270 291
271 72
271 291
272 72
272 291
273 72
273 291
274 72
274 291
275 72
275 291
275 112
275 468
276 72
276 291
277 72
277 291
278 72
278 291
278 112
279 72
279 291
279 112
279 468
280 72
280 291
280 112
281 72
281 291
282 72
282 291
282 112
282 468
282 358
283 72
283 291
283 112
284 72
284 291
284 112
284 468
284 358
284 128
284 363
285 72
285 291
285 112
285 468
286 72
286 291
286 112
287 72
287 291
287 112
287 468
288 72
288 291
288 112
289 72
289 291
289 112
289 468
289 358
290 72
290 291
290 112
290 468
290 358
291 72
291 112
291 468
291 358
291 128
291 363
292 72
292 291
292 112
292 468
292 358
293 72
293 291
294 72
295 72
295 291
295 112
295 468
296 72
296 291
296 112
296 468
296 358
297 72
297 291
297 112
297 468
297 358
298 72
298 291
298 112
299 72
299 291
300 72
300 291
300 112
301 72
301 291
301 112
301 468
302 72
302 291
302 112
302 468
302 358
303 72
303 291
304 72
304 291
304 112
304 468
304 358
304 128
305 72
305 291
305 112
305 468
305 358
306 72
306 291
307 72
307 291
307 112
307 468
307 358
308 72
308 291
309 72
309 291
309 112
309 468
309 358
309 128
309 363
310 72
310 291
310 112
311 72
311 291
312 72
312 291
312 112
313 72
313 291
313 112
314 72
314 291
314 112
315 72
315 291
315 112
316 72
316 291
317 72
317 291
317 112
317 468
318 72
318 291
318 112
318 468
319 72
319 291
319 112
319 468
319 358
319 128
320 72
320 291
321 72
321 291
322 72
322 291
322 112
322 468
323 72
323 291
323 112
323 468
323 358
324 72
324 291
325 72
325 291
326 72
326 291
326 112
326 468
327 72
327 291
328 72
328 291
328 112
328 468
329 72
329 291
329 112
329 468
329 358
329 128
330 72
330 291
330 112
331 72
331 291
332 72
332 291
332 112
332 468
333 72
333 291
333 112
333 468
333 358
334 72
334 291
334 112
335 72
335 291
335 112
335 468
335 358
335 128
335 363
336 72
337 72
338 72
338 291
338 112
338 468
338 358
339 72
339 291
339 112
339 468
339 358
340 72
340 291
340 112
340 468
341 72
341 291
341 112
341 468
342 72
342 291
343 72
343 291
344 72
344 291
344 112
345 72
345 291
345 112
345 468
345 358
346 72
346 291
346 112
346 468
346 358
347 72
348 72
348 291
348 112
349 72
349 291
349 112
350 72
351 72
351 291
352 72
352 291
352 112
353 72
353 291
353 112
353 468
353 358
354 72
354 291
354 112
354 468
355 72
355 291
356 72
356 291
356 112
356 468
357 72
357 291
357 112
357 468
358 72
358 291
359 72
359 291
359 112
359 468
359 358
360 72
360 291
360 112
360 468
360 358
361 72
361 291
362 72
362 291
362 112
362 468
362 358
363 72
363 291
364 72
364 291
364 112
365 72
365 291
365 112
366 72
366 291
367 72
367 291
367 112
367 468
367 358
367 128
368 72
368 291
368 112
368 468
369 72
369 291
369 112
370 72
370 291
370 112
370 468
370 358
371 72
371 291
371 112
372 72
372 291
372 112
372 468
372 358
373 72
373 291
373 112
374 72
374 291
374 112
375 72
375 291
375 112
375 468
375 358
375 128
376 72
376 291
377 72
377 291
377 112
378 72
378 291
378 112
379 72
379 291
380 72
380 291
380 112
380 468
380 358
381 72
381 291
381 112
381 468
382 72
382 291
382 112
383 72
383 291
383 112
383 468
383 358
384 72
384 291
384 112
385 72
385 291
385 112
386 72
386 291
386 112
387 72
387 291
387 112
387 468
387 358
388 72
388 291
388 112
388 468
388 358
388 128
389 72
389 291
389 112
389 468
389 358
390 72
390 291
390 112
390 468
391 72
391 291
392 72
392 291
392 112
392 468
392 358
393 72
394 72
395 72
395 291
395 112
395 468
396 72
396 291
396 112
396 468
396 358
397 72
397 291
397 112
397 468
398 72
399 72
399 291
399 112
399 468
400 72
400 291
400 112
400 468
400 358
401 72
401 291
402 72
402 291
402 112
403 72
403 291
403 112
403 468
403 358
403 128
404 72
404 291
404 112
404 468
404 358
404 128
405 72
405 291
405 112
406 72
406 291
406 112
406 468
407 72
408 72
408 291
408 112
408 468
409 72
409 291
409 112
410 72
410 291
411 72
411 291
411 112
411 468
411 358
412 72
412 291
412 112
412 468
413 72
413 291
413 112
413 468
413 358
414 72
414 291
414 112
414 468
414 358
415 72
415 291
415 112
415 468
415 358
416 72
416 291
416 112
417 72
417 291
418 72
418 291
418 112
418 468
419 72
419 291
419 112
420 72
420 291
420 112
421 72
421 291
421 112
421 468
422 72
422 291
422 112
422 468
422 358
423 72
423 291
423 112
423 468
423 358
423 128
424 72
424 291
425 72
425 291
426 72
426 291
426 112
426 468
427 72
427 291
427 112
427 468
428 72
429 72
429 291
430 72
430 291
430 112
431 72
431 291
431 112
432 72
432 291
432 112
432 468
432 358
433 72
434 72
434 291
434 112
435 72
435 291
435 112
435 468
435 358
435 128
435 363
436 72
436 291
437 72
437 291
438 72
438 291
439 72
439 291
439 112
440 72
441 72
441 291
441 112
441 468
441 358
442 72
443 72
443 291
444 72
444 291
444 112
444 468
444 358
445 72
445 291
445 112
445 468
446 72
446 291
447 72
447 291
447 112
448 72
448 291
448 112
449 72
449 291
449 112
450 72
450 291
450 112
450 468
451 72
451 291
451 112
452 72
452 291
452 112
453 72
453 291
454 72
455 72
455 291
455 112
456 72
456 291
456 112
456 468
457 72
457 291
457 112
457 468
458 72
458 291
458 112
458 468
459 72
459 291
459 112
459 468
459 358
459 128
459 363
460 72
460 291
460 112
461 72
461 291
461 112
461 468
462 72
463 72
463 291
463 112
464 72
464 291
464 112
464 468
464 358
464 128
465 72
465 291
465 112
465 468
465 358
465 128
466 72
466 291
467 72
467 291
468 72
468 291
468 112
468 358
468 128
469 72
469 291
469 112
470 72
470 291
470 112
470 468
471 72
471 291
471 112
471 468
471 358
472 72
472 291
472 112
472 468
472 358
472 128
473 72
473 291
473 112
473 468
474 72
474 291
475 72
475 291
475 112
475 468
475 358
475 128
476 72
476 291
476 112
476 468
476 358
477 72
477 291
477 112
477 468
478 72
478 291
479 72
479 291
479 112
479 468
479 358
480 72
480 291
480 112
481 72
481 291
481 112
481 468
482 72
482 291
482 112
483 72
483 291
484 72
484 291
484 112
484 468
485 72
485 291
485 112
485 468
485 358
485 128
485 363
486 72
486 291
486 112
486 468
487 72
487 291
488 72
488 291
488 112
488 468
489 72
489 291
489 112
490 72
490 291
490 112
490 468
490 358
490 128
491 72
492 72
493 72
493 291
494 72
494 291
494 112
495 72
496 72
496 291
496 112
496 468
497 72
497 291
497 112
497 468
497 358
498 72
498 291
498 112
499 72
499 291
499 112
499 468
499 358
500 72
500 291
500 112
500 468
500 358
