2000 6974
1 209
1 104
2 209
2 104
2 1595
2 1295
3 209
3 104
3 1595
3 1295
4 209
4 104
4 1595
4 1295
4 912
4 158
5 209
5 104
6 209
6 104
6 1595
6 1295
6 912
6 158
7 209
7 104
7 1595
7 1295
8 209
8 104
8 1595
8 1295
9 209
9 104
9 1595
10 209
10 104
10 1595
10 1295
11 209
11 104
12 209
12 104
12 1595
12 1295
13 209
13 104
13 1595
14 209
14 104
14 1595
14 1295
14 912
14 158
15 209
15 104
16 209
16 104
16 1595
16 1295
17 209
17 104
17 1595
18 209
18 104
18 1595
19 209
19 104
19 1595
19 1295
20 209
20 104
20 1595
20 1295
21 209
21 104
21 1595
22 209
22 104
22 1595
23 209
23 104
23 1595
23 1295
24 209
25 209
25 104
25 1595
26 209
26 104
26 1595
26 1295
27 209
27 104
28 209
28 104
28 1595
28 1295
28 912
29 209
30 209
30 104
30 1595
30 1295
30 912
30 158
30 552
31 209
32 209
32 104
32 1595
32 1295
32 912
32 158
33 209
33 104
33 1595
33 1295
34 209
34 104
35 209
35 104
35 1595
35 1295
36 209
36 104
36 1595
37 209
37 104
38 209
38 104
38 1595
38 1295
39 209
39 104
39 1595
39 1295
40 209
40 104
41 209
41 104
42 209
42 104
42 1595
42 1295
42 912
43 209
43 104
44 209
44 104
44 1595
45 209
45 104
46 209
46 104
46 1595
46 1295
47 209
48 209
48 104
48 1595
49 209
49 104
49 1595
49 1295
50 209
50 104
50 1595
50 1295
50 912
50 158
51 209
51 104
51 1595
52 209
53 209
53 104
53 1595
53 1295
53 912
54 209
54 104
54 1595
54 1295
54 912
54 158
55 209
55 104
55 1595
55 1295
56 209
56 104
57 209
57 104
57 1595
57 1295
58 209
59 209
59 104
59 1595
59 1295
60 209
61 209
62 209
62 104
62 1595
62 1295
62 912
63 209
64 209
64 104
65 209
65 104
65 1595
65 1295
66 209
66 104
66 1595
66 1295
67 209
68 209
68 104
69 209
69 104
69 1595
70 209
71 209
72 209
72 104
72 1595
72 1295
72 912
72 158
73 209
73 104
74 209
74 104
74 1595
75 209
75 104
76 209
76 104
76 1595
77 209
77 104
77 1595
78 209
79 209
79 104
79 1595
79 1295
79 912
80 209
80 104
80 1595
80 1295
81 209
81 104
81 1595
81 1295
82 209
82 104
82 1595
82 1295
83 209
83 104
83 1595
83 1295
83 912
84 209
85 209
85 104
85 1595
86 209
86 104
86 1595
86 1295
86 912
87 209
88 209
88 104
88 1595
88 1295
89 209
89 104
89 1595
89 1295
90 209
90 104
91 209
91 104
91 1595
92 209
92 104
92 1595
92 1295
92 912
92 158
93 209
93 104
93 1595
93 1295
94 209
94 104
94 1595
94 1295
94 912
94 158
95 209
95 104
95 1595
95 1295
96 209
96 104
96 1595
96 1295
97 209
97 104
97 1595
97 1295
97 912
98 209
98 104
98 1595
98 1295
99 209
99 104
100 209
101 209
101 104
102 209
102 104
102 1595
102 1295
102 912
102 158
102 552
103 209
103 104
104 209
104 1595
104 1295
105 209
105 104
105 1595
105 1295
105 912
105 158
105 552
106 209
106 104
106 1595
106 1295
106 912
107 209
107 104
107 1595
107 1295
107 912
107 158
108 209
108 104
109 209
109 104
109 1595
109 1295
110 209
110 104
110 1595
111 209
111 104
111 1595
111 1295
111 912
112 209
112 104
113 209
113 104
113 1595
113 1295
114 209
114 104
115 209
115 104
116 209
116 104
116 1595
117 209
117 104
117 1595
117 1295
117 912
117 158
117 552
118 209
118 104
119 209
119 104
119 1595
120 209
120 104
120 1595
120 1295
120 912
120 158
121 209
121 104
121 1595
121 1295
121 912
122 209
122 104
122 1595
122 1295
123 209
123 104
123 1595
124 209
124 104
124 1595
124 1295
124 912
124 158
125 209
125 104
125 1595
126 209
126 104
127 209
127 104
127 1595
127 1295
128 209
128 104
129 209
129 104
129 1595
129 1295
130 209
130 104
130 1595
130 1295
130 912
131 209
131 104
131 1595
132 209
132 104
132 1595
133 209
133 104
133 1595
134 209
134 104
134 1595
134 1295
134 912
135 209
135 104
136 209
136 104
136 1595
136 1295
136 912
137 209
137 104
137 1595
137 1295
137 912
137 158
138 209
138 104
138 1595
138 1295
139 209
139 104
140 209
140 104
140 1595
140 1295
140 912
141 209
141 104
142 209
142 104
142 1595
142 1295
142 912
143 209
143 104
143 1595
143 1295
143 912
143 158
144 209
144 104
144 1595
144 1295
145 209
145 104
145 1595
145 1295
146 209
146 104
147 209
147 104
147 1595
147 1295
148 209
148 104
149 209
149 104
149 1595
149 1295
149 912
149 158
150 209
150 104
150 1595
151 209
151 104
152 209
152 104
153 209
153 104
153 1595
153 1295
154 209
154 104
154 1595
154 1295
155 209
155 104
155 1595
156 209
156 104
156 1595
157 209
157 104
158 209
159 209
159 104
159 1595
159 1295
159 912
159 158
160 209
160 104
160 1595
161 209
161 104
162 209
162 104
162 1595
163 209
163 104
163 1595
163 1295
164 209
164 104
164 1595
165 209
165 104
165 1595
165 1295
165 912
165 158
166 209
166 104
166 1595
167 209
167 104
167 1595
167 1295
167 912
168 209
168 104
168 1595
168 1295
168 912
168 158
168 552
169 209
169 104
169 1595
169 1295
169 912
170 209
170 104
170 1595
171 209
171 104
171 1595
172 209
172 104
172 1595
173 209
173 104
173 1595
173 1295
173 912
174 209
174 104
175 209
175 104
175 1595
176 209
176 104
177 209
177 104
178 209
178 104
178 1595
179 209
179 104
179 1595
180 209
180 104
180 1595
180 1295
180 912
180 158
180 552
181 209
181 104
182 209
182 104
182 1595
183 209
183 104
183 1595
183 1295
183 912
184 209
184 104
184 1595
185 209
185 104
185 1595
185 1295
185 912
186 209
186 104
186 1595
186 1295
187 209
187 104
187 1595
187 1295
187 912
187 158
188 209
188 104
189 209
189 104
189 1595
189 1295
190 209
190 104
190 1595
190 1295
190 912
191 209
191 104
191 1595
191 1295
192 209
192 104
193 209
193 104
193 1595
193 1295
194 209
194 104
195 209
195 104
195 1595
195 1295
195 912
196 209
196 104
196 1595
196 1295
197 209
197 104
197 1595
197 1295
197 912
198 209
198 104
198 1595
198 1295
198 912
199 209
199 104
200 209
200 104
201 209
201 104
201 1595
202 209
202 104
202 1595
202 1295
202 912
203 209
203 104
204 209
204 104
204 1595
205 209
205 104
206 209
206 104
207 209
207 104
207 1595
208 209
208 104
209 104
209 1595
209 1295
210 209
211 209
211 104
211 1595
211 1295
212 209
212 104
212 1595
212 1295
213 209
213 104
214 209
214 104
215 209
215 104
216 209
216 104
216 1595
216 1295
216 912
217 209
217 104
218 209
218 104
218 1595
218 1295
218 912
219 209
219 104
220 209
220 104
220 1595
220 1295
220 912
220 158
221 209
221 104
221 1595
221 1295
222 209
222 104
222 1595
222 1295
222 912
222 158
222 552
222 1355
223 209
223 104
223 1595
224 209
224 104
224 1595
225 209
226 209
226 104
226 1595
226 1295
226 912
227 209
228 209
228 104
229 209
229 104
230 209
230 104
231 209
231 104
232 209
232 104
232 1595
232 1295
232 912
232 158
233 209
233 104
233 1595
233 1295
234 209
235 209
235 104
235 1595
236 209
236 104
236 1595
236 1295
237 209
237 104
237 1595
237 1295
238 209
238 104
238 1595
238 1295
238 912
238 158
239 209
240 209
240 104
240 1595
241 209
241 104
241 1595
241 1295
241 912
242 209
243 209
243 104
243 1595
243 1295
244 209
244 104
244 1595
244 1295
245 209
245 104
246 209
246 104
246 1595
246 1295
247 209
247 104
247 1595
247 1295
248 209
248 104
249 209
249 104
249 1595
250 209
250 104
250 1595
251 209
251 104
251 1595
251 1295
252 209
252 104
253 209
253 104
253 1595
253 1295
253 912
254 209
254 104
255 209
255 104
256 209
257 209
257 104
257 1595
258 209
259 209
259 104
259 1595
260 209
260 104
260 1595
260 1295
261 209
261 104
261 1595
262 209
262 104
262 1595
262 1295
263 209
264 209
264 104
264 1595
264 1295
265 209
265 104
265 1595
265 1295
266 209
266 104
267 209
267 104
267 1595
267 1295
267 912
267 158
267 552
268 209
268 104
268 1595
268 1295
268 912
268 158
269 209
270 209
270 104
270 1595
271 209
271 104
272 209
272 104
272 1595
272 1295
273 209
273 104
273 1595
273 1295
273 912
273 158
273 552
274 209
274 104
274 1595
274 1295
275 209
275 104
276 209
276 104
277 209
277 104
277 1595
278 209
278 104
279 209
279 104
279 1595
279 1295
279 912
280 209
280 104
280 1595
280 1295
281 209
281 104
281 1595
282 209
282 104
282 1595
282 1295
282 912
283 209
283 104
284 209
284 104
284 1595
284 1295
284 912
285 209
285 104
285 1595
285 1295
286 209
286 104
286 1595
286 1295
287 209
287 104
287 1595
287 1295
288 209
288 104
289 209
289 104
289 1595
290 209
290 104
290 1595
290 1295
290 912
290 158
291 209
291 104
291 1595
291 1295
291 912
291 158
292 209
293 209
293 104
294 209
294 104
294 1595
294 1295
295 209
295 104
295 1595
295 1295
295 912
295 158
295 552
296 209
296 104
297 209
297 104
297 1595
298 209
298 104
298 1595
298 1295
299 209
299 104
299 1595
299 1295
299 912
300 209
300 104
300 1595
300 1295
301 209
301 104
301 1595
301 1295
301 912
302 209
302 104
302 1595
303 209
303 104
303 1595
303 1295
303 912
303 158
304 209
304 104
304 1595
305 209
305 104
306 209
306 104
306 1595
307 209
307 104
307 1595
307 1295
308 209
308 104
309 209
310 209
310 104
310 1595
310 1295
311 209
311 104
311 1595
311 1295
312 209
312 104
312 1595
312 1295
312 912
313 209
313 104
313 1595
314 209
314 104
314 1595
315 209
315 104
315 1595
316 209
316 104
316 1595
316 1295
317 209
318 209
318 104
318 1595
318 1295
318 912
319 209
319 104
319 1595
320 209
321 209
322 209
322 104
323 209
324 209
324 104
324 1595
325 209
325 104
325 1595
326 209
326 104
327 209
327 104
328 209
328 104
328 1595
328 1295
328 912
328 158
329 209
329 104
329 1595
329 1295
330 209
330 104
331 209
331 104
331 1595
331 1295
331 912
331 158
331 552
332 209
332 104
332 1595
332 1295
332 912
333 209
333 104
333 1595
334 209
334 104
334 1595
334 1295
334 912
335 209
335 104
336 209
336 104
336 1595
336 1295
337 209
337 104
337 1595
338 209
338 104
339 209
339 104
339 1595
340 209
340 104
340 1595
341 209
341 104
341 1595
341 1295
342 209
342 104
342 1595
342 1295
342 912
343 209
344 209
344 104
344 1595
344 1295
345 209
345 104
345 1595
345 1295
345 912
345 158
346 209
346 104
346 1595
346 1295
346 912
346 158
346 552
347 209
347 104
347 1595
348 209
348 104
349 209
349 104
349 1595
349 1295
349 912
350 209
350 104
350 1595
350 1295
351 209
351 104
351 1595
351 1295
351 912
352 209
352 104
352 1595
353 209
353 104
353 1595
354 209
354 104
355 209
356 209
356 104
356 1595
357 209
357 104
357 1595
358 209
358 104
358 1595
358 1295
358 912
358 158
359 209
360 209
360 104
360 1595
360 1295
361 209
362 209
362 104
362 1595
362 1295
362 912
362 158
363 209
363 104
363 1595
363 1295
364 209
364 104
365 209
365 104
365 1595
365 1295
365 912
366 209
366 104
367 209
367 104
367 1595
368 209
368 104
368 1595
368 1295
369 209
369 104
369 1595
369 1295
370 209
370 104
371 209
371 104
371 1595
371 1295
372 209
372 104
372 1595
372 1295
372 912
372 158
372 552
372 1355
373 209
373 104
373 1595
373 1295
374 209
374 104
375 209
375 104
375 1595
376 209
376 104
376 1595
377 209
378 209
378 104
378 1595
379 209
379 104
379 1595
380 209
380 104
380 1595
381 209
381 104
382 209
382 104
382 1595
383 209
383 104
383 1595
383 1295
384 209
384 104
384 1595
385 209
385 104
386 209
386 104
387 209
387 104
387 1595
387 1295
387 912
387 158
388 209
388 104
388 1595
388 1295
388 912
389 209
389 104
389 1595
390 209
390 104
390 1595
390 1295
391 209
391 104
392 209
392 104
392 1595
392 1295
392 912
392 158
393 209
393 104
394 209
394 104
394 1595
395 209
395 104
395 1595
396 209
396 104
396 1595
396 1295
396 912
397 209
397 104
397 1595
397 1295
397 912
398 209
398 104
398 1595
398 1295
399 209
399 104
399 1595
400 209
400 104
400 1595
401 209
401 104
401 1595
401 1295
402 209
402 104
402 1595
402 1295
403 209
403 104
403 1595
404 209
404 104
404 1595
405 209
405 104
406 209
406 104
406 1595
406 1295
406 912
407 209
407 104
408 209
408 104
408 1595
408 1295
409 209
409 104
409 1595
409 1295
409 912
409 158
409 552
409 1355
410 209
410 104
410 1595
410 1295
411 209
412 209
412 104
413 209
414 209
414 104
414 1595
415 209
415 104
415 1595
416 209
416 104
416 1595
417 209
417 104
417 1595
417 1295
418 209
419 209
419 104
419 1595
419 1295
419 912
419 158
419 552
420 209
420 104
420 1595
421 209
421 104
421 1595
422 209
422 104
422 1595
423 209
423 104
423 1595
424 209
424 104
424 1595
424 1295
424 912
424 158
424 552
425 209
425 104
425 1595
426 209
426 104
426 1595
426 1295
427 209
427 104
428 209
428 104
428 1595
428 1295
429 209
429 104
430 209
430 104
430 1595
431 209
431 104
432 209
432 104
432 1595
432 1295
432 912
433 209
433 104
433 1595
433 1295
434 209
434 104
435 209
435 104
436 209
436 104
436 1595
436 1295
436 912
437 209
437 104
437 1595
438 209
438 104
438 1595
438 1295
438 912
439 209
439 104
439 1595
439 1295
439 912
439 158
440 209
440 104
441 209
441 104
442 209
442 104
442 1595
442 1295
442 912
443 209
443 104
443 1595
443 1295
443 912
443 158
444 209
444 104
444 1595
445 209
445 104
445 1595
445 1295
445 912
445 158
446 209
446 104
446 1595
446 1295
446 912
446 158
447 209
447 104
447 1595
448 209
448 104
448 1595
448 1295
449 209
449 104
449 1595
449 1295
449 912
449 158
450 209
450 104
451 209
451 104
451 1595
451 1295
452 209
452 104
452 1595
452 1295
452 912
453 209
453 104
453 1595
453 1295
453 912
454 209
454 104
454 1595
454 1295
455 209
455 104
456 209
456 104
456 1595
456 1295
456 912
456 158
456 552
456 1355
457 209
457 104
457 1595
457 1295
457 912
457 158
458 209
458 104
459 209
460 209
460 104
460 1595
461 209
461 104
461 1595
462 209
462 104
462 1595
462 1295
463 209
464 209
464 104
464 1595
465 209
465 104
465 1595
465 1295
465 912
466 209
466 104
466 1595
466 1295
466 912
467 209
468 209
468 104
469 209
470 209
470 104
470 1595
471 209
471 104
471 1595
472 209
472 104
472 1595
472 1295
472 912
472 158
472 552
472 1355
473 209
473 104
473 1595
473 1295
474 209
474 104
474 1595
475 209
475 104
475 1595
475 1295
476 209
476 104
476 1595
476 1295
476 912
476 158
476 552
477 209
477 104
478 209
478 104
479 209
479 104
480 209
480 104
480 1595
481 209
481 104
482 209
483 209
483 104
483 1595
483 1295
484 209
484 104
484 1595
485 209
485 104
486 209
486 104
487 209
487 104
487 1595
487 1295
487 912
487 158
487 552
488 209
488 104
488 1595
488 1295
489 209
489 104
489 1595
490 209
490 104
490 1595
491 209
492 209
492 104
492 1595
492 1295
492 912
493 209
493 104
493 1595
493 1295
493 912
494 209
494 104
494 1595
495 209
495 104
496 209
496 104
497 209
497 104
497 1595
497 1295
498 209
498 104
498 1595
498 1295
498 912
498 158
498 552
499 209
499 104
499 1595
500 209
501 209
501 104
501 1595
502 209
502 104
503 209
503 104
503 1595
503 1295
504 209
504 104
505 209
505 104
505 1595
505 1295
506 209
506 104
507 209
507 104
507 1595
508 209
508 104
508 1595
508 1295
509 209
509 104
510 209
510 104
510 1595
511 209
511 104
512 209
512 104
513 209
513 104
514 209
514 104
514 1595
514 1295
514 912
515 209
515 104
516 209
516 104
516 1595
516 1295
516 912
517 209
517 104
517 1595
518 209
518 104
518 1595
519 209
519 104
519 1595
519 1295
520 209
520 104
521 209
521 104
522 209
523 209
523 104
523 1595
523 1295
524 209
524 104
524 1595
524 1295
524 912
524 158
525 209
525 104
525 1595
526 209
526 104
526 1595
526 1295
526 912
527 209
527 104
527 1595
527 1295
527 912
528 209
528 104
528 1595
529 209
529 104
529 1595
529 1295
530 209
530 104
530 1595
530 1295
530 912
531 209
532 209
532 104
532 1595
533 209
533 104
533 1595
534 209
534 104
535 209
535 104
535 1595
535 1295
536 209
536 104
536 1595
537 209
538 209
538 104
538 1595
538 1295
538 912
539 209
539 104
539 1595
539 1295
539 912
539 158
540 209
540 104
540 1595
540 1295
540 912
541 209
541 104
541 1595
541 1295
541 912
542 209
542 104
543 209
543 104
543 1595
543 1295
544 209
544 104
544 1595
545 209
545 104
545 1595
545 1295
546 209
546 104
547 209
547 104
547 1595
547 1295
548 209
548 104
548 1595
548 1295
548 912
549 209
549 104
549 1595
549 1295
549 912
550 209
550 104
551 209
551 104
551 1595
552 209
552 104
552 1595
552 1295
553 209
553 104
553 1595
553 1295
553 912
554 209
554 104
554 1595
554 1295
554 912
555 209
555 104
556 209
556 104
556 1595
556 1295
556 912
556 158
557 209
557 104
557 1595
557 1295
557 912
557 158
557 552
558 209
558 104
558 1595
559 209
559 104
559 1595
559 1295
559 912
560 209
560 104
560 1595
561 209
561 104
562 209
562 104
563 209
564 209
564 104
564 1595
565 209
565 104
565 1595
565 1295
566 209
567 209
567 104
568 209
568 104
568 1595
568 1295
569 209
569 104
569 1595
569 1295
569 912
569 158
569 552
570 209
570 104
570 1595
570 1295
570 912
570 158
571 209
571 104
571 1595
571 1295
571 912
572 209
572 104
573 209
573 104
574 209
574 104
574 1595
574 1295
575 209
575 104
575 1595
575 1295
575 912
576 209
576 104
576 1595
576 1295
576 912
576 158
577 209
577 104
577 1595
578 209
578 104
578 1595
578 1295
578 912
579 209
579 104
579 1595
580 209
581 209
581 104
581 1595
582 209
582 104
583 209
583 104
583 1595
584 209
584 104
584 1595
584 1295
584 912
585 209
585 104
586 209
586 104
586 1595
586 1295
586 912
587 209
587 104
587 1595
588 209
588 104
588 1595
589 209
589 104
589 1595
589 1295
590 209
590 104
591 209
591 104
592 209
592 104
592 1595
593 209
593 104
593 1595
593 1295
593 912
594 209
594 104
595 209
595 104
595 1595
595 1295
596 209
596 104
596 1595
597 209
597 104
597 1595
597 1295
598 209
598 104
598 1595
598 1295
598 912
598 158
599 209
599 104
599 1595
599 1295
600 209
600 104
600 1595
600 1295
600 912
601 209
601 104
601 1595
601 1295
602 209
602 104
602 1595
602 1295
603 209
603 104
603 1595
603 1295
604 209
605 209
605 104
605 1595
605 1295
606 209
606 104
607 209
607 104
607 1595
608 209
608 104
608 1595
609 209
610 209
611 209
612 209
613 209
613 104
614 209
615 209
615 104
615 1595
615 1295
615 912
616 209
616 104
616 1595
616 1295
616 912
617 209
617 104
617 1595
618 209
618 104
618 1595
618 1295
618 912
618 158
618 552
619 209
619 104
620 209
620 104
620 1595
620 1295
621 209
621 104
621 1595
621 1295
622 209
622 104
622 1595
623 209
623 104
623 1595
623 1295
623 912
624 209
624 104
624 1595
624 1295
625 209
625 104
625 1595
625 1295
626 209
626 104
626 1595
626 1295
627 209
627 104
627 1595
627 1295
627 912
628 209
628 104
628 1595
629 209
629 104
629 1595
629 1295
629 912
629 158
630 209
630 104
630 1595
630 1295
630 912
631 209
632 209
632 104
633 209
634 209
634 104
635 209
635 104
635 1595
635 1295
635 912
636 209
636 104
636 1595
636 1295
636 912
637 209
637 104
637 1595
637 1295
638 209
638 104
638 1595
638 1295
639 209
639 104
640 209
640 104
640 1595
640 1295
640 912
641 209
641 104
641 1595
642 209
642 104
642 1595
643 209
643 104
643 1595
644 209
645 209
645 104
645 1595
646 209
646 104
647 209
647 104
647 1595
648 209
649 209
649 104
650 209
650 104
651 209
651 104
651 1595
652 209
652 104
652 1595
653 209
653 104
653 1595
654 209
654 104
654 1595
654 1295
654 912
655 209
655 104
656 209
656 104
656 1595
657 209
657 104
657 1595
657 1295
658 209
658 104
659 209
659 104
659 1595
659 1295
659 912
660 209
660 104
660 1595
661 209
661 104
661 1595
661 1295
661 912
661 158
662 209
662 104
662 1595
663 209
664 209
664 104
664 1595
664 1295
664 912
665 209
665 104
665 1595
665 1295
666 209
666 104
666 1595
666 1295
666 912
667 209
667 104
667 1595
667 1295
667 912
668 209
668 104
668 1595
668 1295
669 209
669 104
669 1595
670 209
670 104
671 209
671 104
671 1595
671 1295
672 209
672 104
672 1595
672 1295
672 912
673 209
673 104
673 1595
674 209
674 104
674 1595
674 1295
675 209
675 104
675 1595
675 1295
676 209
676 104
676 1595
677 209
677 104
677 1595
677 1295
677 912
677 158
677 552
678 209
679 209
679 104
679 1595
679 1295
679 912
679 158
680 209
680 104
680 1595
680 1295
680 912
680 158
681 209
681 104
681 1595
682 209
682 104
682 1595
682 1295
683 209
683 104
683 1595
683 1295
684 209
684 104
684 1595
684 1295
684 912
685 209
685 104
685 1595
686 209
686 104
687 209
687 104
688 209
689 209
689 104
689 1595
690 209
690 104
690 1595
690 1295
691 209
691 104
692 209
693 209
693 104
693 1595
693 1295
693 912
694 209
694 104
694 1595
694 1295
694 912
695 209
695 104
695 1595
696 209
696 104
696 1595
696 1295
696 912
697 209
698 209
698 104
699 209
699 104
699 1595
699 1295
700 209
700 104
700 1595
700 1295
700 912
700 158
701 209
701 104
701 1595
701 1295
702 209
702 104
702 1595
702 1295
703 209
703 104
703 1595
703 1295
703 912
704 209
705 209
705 104
705 1595
706 209
706 104
706 1595
706 1295
706 912
706 158
706 552
707 209
707 104
707 1595
707 1295
707 912
708 209
708 104
708 1595
708 1295
709 209
709 104
709 1595
709 1295
710 209
710 104
710 1595
711 209
711 104
711 1595
711 1295
711 912
712 209
712 104
712 1595
712 1295
713 209
713 104
713 1595
713 1295
714 209
714 104
714 1595
714 1295
714 912
714 158
715 209
715 104
715 1595
715 1295
715 912
716 209
716 104
717 209
717 104
717 1595
717 1295
718 209
718 104
718 1595
718 1295
718 912
718 158
718 552
718 1355
719 209
719 104
719 1595
720 209
721 209
721 104
722 209
722 104
722 1595
722 1295
723 209
723 104
723 1595
723 1295
723 912
723 158
724 209
725 209
725 104
726 209
726 104
726 1595
726 1295
726 912
726 158
727 209
728 209
728 104
728 1595
728 1295
728 912
728 158
728 552
729 209
730 209
730 104
730 1595
730 1295
730 912
731 209
731 104
732 209
733 209
733 104
733 1595
734 209
734 104
734 1595
735 209
735 104
736 209
736 104
736 1595
736 1295
737 209
737 104
737 1595
737 1295
737 912
738 209
738 104
738 1595
738 1295
739 209
740 209
740 104
740 1595
740 1295
741 209
741 104
742 209
742 104
742 1595
742 1295
743 209
743 104
743 1595
744 209
744 104
744 1595
744 1295
745 209
745 104
745 1595
745 1295
745 912
745 158
745 552
746 209
746 104
746 1595
747 209
748 209
748 104
748 1595
748 1295
749 209
750 209
750 104
751 209
751 104
752 209
752 104
752 1595
752 1295
752 912
752 158
753 209
753 104
754 209
754 104
755 209
755 104
755 1595
755 1295
755 912
755 158
755 552
755 1355
755 995
756 209
756 104
756 1595
756 1295
757 209
757 104
757 1595
757 1295
758 209
758 104
758 1595
758 1295
758 912
759 209
759 104
760 209
760 104
760 1595
760 1295
761 209
761 104
761 1595
762 209
762 104
763 209
763 104
763 1595
763 1295
764 209
764 104
764 1595
764 1295
764 912
764 158
764 552
765 209
765 104
765 1595
765 1295
765 912
765 158
766 209
766 104
767 209
767 104
767 1595
768 209
768 104
768 1595
768 1295
768 912
768 158
768 552
769 209
769 104
769 1595
769 1295
769 912
769 158
770 209
770 104
770 1595
770 1295
771 209
771 104
771 1595
771 1295
772 209
772 104
772 1595
772 1295
773 209
773 104
773 1595
773 1295
773 912
774 209
774 104
774 1595
774 1295
775 209
775 104
775 1595
775 1295
775 912
775 158
775 552
775 1355
776 209
776 104
777 209
777 104
777 1595
777 1295
777 912
778 209
778 104
778 1595
779 209
780 209
780 104
780 1595
781 209
781 104
781 1595
782 209
782 104
782 1595
782 1295
783 209
783 104
783 1595
784 209
784 104
785 209
785 104
785 1595
786 209
786 104
786 1595
787 209
787 104
787 1595
788 209
788 104
788 1595
788 1295
788 912
789 209
789 104
789 1595
790 209
790 104
790 1595
791 209
791 104
791 1595
791 1295
791 912
792 209
792 104
792 1595
792 1295
792 912
793 209
793 104
793 1595
793 1295
793 912
793 158
793 552
793 1355
794 209
794 104
794 1595
794 1295
795 209
796 209
796 104
796 1595
796 1295
796 912
797 209
797 104
797 1595
797 1295
798 209
798 104
799 209
799 104
799 1595
799 1295
799 912
800 209
800 104
800 1595
800 1295
800 912
801 209
801 104
802 209
802 104
803 209
803 104
803 1595
803 1295
803 912
803 158
803 552
803 1355
804 209
804 104
804 1595
805 209
805 104
806 209
806 104
806 1595
806 1295
806 912
807 209
807 104
807 1595
807 1295
807 912
808 209
808 104
808 1595
809 209
809 104
810 209
810 104
811 209
811 104
812 209
812 104
813 209
813 104
813 1595
813 1295
813 912
814 209
814 104
815 209
816 209
816 104
816 1595
816 1295
817 209
817 104
817 1595
817 1295
817 912
818 209
818 104
818 1595
819 209
819 104
820 209
820 104
820 1595
821 209
821 104
822 209
822 104
822 1595
822 1295
823 209
823 104
823 1595
823 1295
823 912
824 209
824 104
824 1595
824 1295
825 209
825 104
826 209
826 104
826 1595
826 1295
826 912
826 158
826 552
826 1355
827 209
827 104
827 1595
828 209
828 104
828 1595
829 209
829 104
829 1595
829 1295
829 912
830 209
830 104
830 1595
830 1295
831 209
831 104
831 1595
831 1295
831 912
831 158
832 209
832 104
832 1595
832 1295
833 209
833 104
833 1595
833 1295
834 209
835 209
835 104
836 209
836 104
836 1595
836 1295
836 912
836 158
837 209
838 209
838 104
839 209
839 104
839 1595
839 1295
840 209
840 104
840 1595
841 209
841 104
842 209
842 104
842 1595
842 1295
842 912
843 209
843 104
844 209
844 104
845 209
845 104
845 1595
845 1295
846 209
846 104
846 1595
846 1295
846 912
846 158
847 209
847 104
847 1595
847 1295
847 912
848 209
848 104
849 209
849 104
850 209
850 104
850 1595
850 1295
851 209
851 104
851 1595
852 209
852 104
852 1595
852 1295
853 209
853 104
853 1595
853 1295
854 209
854 104
854 1595
854 1295
855 209
855 104
855 1595
856 209
857 209
857 104
857 1595
857 1295
857 912
858 209
858 104
859 209
859 104
859 1595
859 1295
860 209
860 104
861 209
861 104
861 1595
861 1295
862 209
863 209
863 104
863 1595
864 209
864 104
865 209
865 104
865 1595
866 209
867 209
867 104
867 1595
867 1295
867 912
868 209
868 104
868 1595
868 1295
868 912
868 158
869 209
869 104
870 209
870 104
870 1595
871 209
872 209
872 104
872 1595
872 1295
873 209
873 104
873 1595
874 209
874 104
874 1595
875 209
876 209
876 104
876 1595
877 209
877 104
878 209
878 104
878 1595
879 209
879 104
879 1595
879 1295
880 209
880 104
881 209
882 209
883 209
883 104
883 1595
883 1295
883 912
883 158
883 552
884 209
884 104
884 1595
884 1295
885 209
886 209
886 104
886 1595
886 1295
886 912
887 209
887 104
887 1595
887 1295
888 209
888 104
888 1595
888 1295
888 912
889 209
889 104
889 1595
889 1295
890 209
890 104
890 1595
890 1295
891 209
891 104
891 1595
892 209
892 104
892 1595
892 1295
892 912
892 158
892 552
893 209
893 104
893 1595
893 1295
894 209
895 209
895 104
896 209
896 104
896 1595
896 1295
896 912
897 209
897 104
897 1595
898 209
898 104
898 1595
898 1295
898 912
898 158
898 552
899 209
899 104
899 1595
899 1295
900 209
900 104
900 1595
901 209
901 104
901 1595
902 209
903 209
903 104
903 1595
903 1295
903 912
904 209
904 104
904 1595
904 1295
904 912
904 158
905 209
905 104
905 1595
905 1295
905 912
906 209
906 104
906 1595
907 209
907 104
907 1595
907 1295
907 912
908 209
908 104
908 1595
909 209
909 104
910 209
910 104
910 1595
911 209
911 104
911 1595
911 1295
911 912
912 209
912 104
912 1595
912 1295
913 209
913 104
914 209
914 104
915 209
915 104
915 1595
916 209
916 104
917 209
917 104
918 209
918 104
918 1595
919 209
919 104
919 1595
920 209
920 104
920 1595
920 1295
921 209
921 104
921 1595
921 1295
922 209
922 104
923 209
923 104
923 1595
923 1295
923 912
923 158
923 552
924 209
924 104
925 209
925 104
925 1595
926 209
926 104
926 1595
926 1295
926 912
927 209
927 104
927 1595
927 1295
928 209
928 104
928 1595
929 209
930 209
930 104
930 1595
930 1295
931 209
931 104
931 1595
932 209
932 104
933 209
933 104
933 1595
933 1295
933 912
934 209
934 104
934 1595
934 1295
934 912
935 209
935 104
935 1595
935 1295
935 912
936 209
936 104
936 1595
936 1295
937 209
937 104
937 1595
937 1295
938 209
938 104
938 1595
939 209
940 209
940 104
940 1595
940 1295
940 912
941 209
941 104
941 1595
941 1295
941 912
941 158
942 209
943 209
943 104
943 1595
943 1295
943 912
943 158
944 209
944 104
944 1595
944 1295
945 209
945 104
945 1595
945 1295
946 209
946 104
946 1595
947 209
947 104
947 1595
947 1295
948 209
948 104
948 1595
948 1295
949 209
949 104
949 1595
950 209
950 104
950 1595
950 1295
951 209
951 104
951 1595
951 1295
952 209
952 104
952 1595
952 1295
952 912
953 209
953 104
953 1595
953 1295
953 912
954 209
954 104
954 1595
954 1295
955 209
956 209
956 104
956 1595
956 1295
957 209
957 104
958 209
958 104
958 1595
958 1295
958 912
959 209
959 104
959 1595
960 209
960 104
960 1595
960 1295
961 209
961 104
961 1595
961 1295
961 912
961 158
962 209
962 104
963 209
963 104
963 1595
963 1295
964 209
964 104
964 1595
964 1295
964 912
965 209
965 104
965 1595
966 209
966 104
967 209
967 104
967 1595
968 209
968 104
968 1595
968 1295
968 912
969 209
969 104
969 1595
970 209
970 104
970 1595
971 209
971 104
971 1595
971 1295
971 912
971 158
972 209
972 104
972 1595
973 209
973 104
973 1595
974 209
975 209
975 104
975 1595
976 209
976 104
976 1595
977 209
977 104
977 1595
977 1295
978 209
978 104
978 1595
979 209
979 104
979 1595
979 1295
979 912
980 209
980 104
980 1595
980 1295
980 912
980 158
981 209
982 209
982 104
983 209
983 104
984 209
984 104
984 1595
985 209
985 104
985 1595
985 1295
986 209
987 209
987 104
988 209
988 104
988 1595
989 209
989 104
990 209
990 104
990 1595
990 1295
990 912
991 209
992 209
992 104
992 1595
992 1295
992 912
993 209
993 104
993 1595
993 1295
993 912
994 209
994 104
994 1595
994 1295
994 912
995 209
995 104
995 1595
996 209
996 104
996 1595
996 1295
997 209
997 104
998 209
998 104
998 1595
999 209
999 104
999 1595
999 1295
999 912
999 158
1000 209
1000 104
1000 1595
1001 209
1001 104
1001 1595
1002 209
1002 104
1002 1595
1002 1295
1002 912
1003 209
1003 104
1003 1595
1003 1295
1004 209
1004 104
1004 1595
1004 1295
1004 912
1004 158
1005 209
1005 104
1005 1595
1005 1295
1005 912
1005 158
1005 552
1006 209
1006 104
1006 1595
1007 209
1007 104
1008 209
1008 104
1008 1595
1009 209
1009 104
1009 1595
1009 1295
1009 912
1009 158
1009 552
1010 209
1010 104
1010 1595
1010 1295
1011 209
1011 104
1011 1595
1012 209
1012 104
1012 1595
1012 1295
1012 912
1012 158
1012 552
1013 209
1013 104
1014 209
1014 104
1014 1595
1014 1295
1015 209
1015 104
1015 1595
1015 1295
1016 209
1016 104
1017 209
1017 104
1017 1595
1018 209
1018 104
1018 1595
1019 209
1019 104
1019 1595
1019 1295
1019 912
1020 209
1020 104
1020 1595
1020 1295
1020 912
1020 158
1021 209
1021 104
1021 1595
1021 1295
1022 209
1022 104
1022 1595
1022 1295
1023 209
1023 104
1023 1595
1023 1295
1023 912
1023 158
1023 552
1024 209
1024 104
1025 209
1025 104
1026 209
1026 104
1026 1595
1026 1295
1026 912
1027 209
1027 104
1027 1595
1028 209
1028 104
1028 1595
1028 1295
1028 912
1028 158
1028 552
1028 1355
1028 995
1029 209
1029 104
1029 1595
1029 1295
1030 209
1030 104
1030 1595
1030 1295
1030 912
1031 209
1031 104
1032 209
1032 104
1032 1595
1032 1295
1032 912
1033 209
1033 104
1033 1595
1033 1295
1033 912
1033 158
1034 209
1034 104
1034 1595
1034 1295
1035 209
1035 104
1036 209
1036 104
1036 1595
1037 209
1037 104
1037 1595
1038 209
1038 104
1038 1595
1038 1295
1038 912
1039 209
1040 209
1040 104
1040 1595
1040 1295
1041 209
1041 104
1041 1595
1042 209
1042 104
1043 209
1043 104
1044 209
1044 104
1044 1595
1044 1295
1044 912
1045 209
1045 104
1046 209
1046 104
1046 1595
1046 1295
1046 912
1047 209
1047 104
1047 1595
1048 209
1048 104
1048 1595
1049 209
1049 104
1049 1595
1049 1295
1049 912
1049 158
1050 209
1051 209
1051 104
1051 1595
1052 209
1052 104
1052 1595
1053 209
1053 104
1053 1595
1054 209
1054 104
1054 1595
1055 209
1055 104
1055 1595
1056 209
1056 104
1056 1595
1056 1295
1057 209
1057 104
1057 1595
1057 1295
1057 912
1058 209
1058 104
1058 1595
1058 1295
1058 912
1059 209
1059 104
1059 1595
1059 1295
1060 209
1060 104
1060 1595
1060 1295
1061 209
1061 104
1062 209
1062 104
1062 1595
1062 1295
1063 209
1063 104
1063 1595
1063 1295
1063 912
1063 158
1063 552
1064 209
1065 209
1065 104
1065 1595
1065 1295
1065 912
1065 158
1066 209
1066 104
1067 209
1067 104
1067 1595
1067 1295
1067 912
1067 158
1068 209
1068 104
1068 1595
1068 1295
1068 912
1069 209
1069 104
1069 1595
1069 1295
1069 912
1070 209
1070 104
1070 1595
1071 209
1071 104
1071 1595
1071 1295
1071 912
1072 209
1072 104
1072 1595
1072 1295
1073 209
1073 104
1073 1595
1073 1295
1073 912
1073 158
1074 209
1075 209
1076 209
1076 104
1076 1595
1076 1295
1076 912
1077 209
1077 104
1077 1595
1077 1295
1077 912
1078 209
1078 104
1078 1595
1078 1295
1079 209
1080 209
1081 209
1081 104
1081 1595
1081 1295
1081 912
1082 209
1082 104
1082 1595
1083 209
1083 104
1083 1595
1083 1295
1083 912
1084 209
1084 104
1084 1595
1085 209
1085 104
1086 209
1087 209
1087 104
1088 209
1088 104
1088 1595
1088 1295
1088 912
1088 158
1088 552
1089 209
1089 104
1089 1595
1090 209
1090 104
1090 1595
1091 209
1091 104
1091 1595
1092 209
1092 104
1092 1595
1092 1295
1093 209
1093 104
1093 1595
1093 1295
1094 209
1094 104
1094 1595
1094 1295
1095 209
1095 104
1095 1595
1096 209
1096 104
1096 1595
1097 209
1097 104
1097 1595
1097 1295
1098 209
1098 104
1099 209
1099 104
1099 1595
1099 1295
1099 912
1099 158
1099 552
1100 209
1100 104
1100 1595
1101 209
1101 104
1101 1595
1101 1295
1102 209
1103 209
1103 104
1103 1595
1104 209
1104 104
1104 1595
1104 1295
1105 209
1105 104
1106 209
1107 209
1107 104
1107 1595
1108 209
1108 104
1108 1595
1108 1295
1109 209
1109 104
1109 1595
1110 209
1110 104
1111 209
1111 104
1111 1595
1111 1295
1112 209
1112 104
1112 1595
1112 1295
1112 912
1112 158
1112 552
1113 209
1113 104
1114 209
1114 104
1114 1595
1115 209
1115 104
1115 1595
1116 209
1116 104
1116 1595
1116 1295
1117 209
1117 104
1118 209
1118 104
1118 1595
1118 1295
1118 912
1119 209
1119 104
1120 209
1121 209
1122 209
1122 104
1122 1595
1122 1295
1122 912
1122 158
1123 209
1123 104
1123 1595
1123 1295
1124 209
1125 209
1125 104
1125 1595
1126 209
1126 104
1126 1595
1126 1295
1126 912
1127 209
1127 104
1127 1595
1128 209
1128 104
1128 1595
1128 1295
1128 912
1129 209
1129 104
1129 1595
1130 209
1130 104
1130 1595
1131 209
1131 104
1131 1595
1132 209
1132 104
1132 1595
1133 209
1133 104
1133 1595
1133 1295
1133 912
1134 209
1134 104
1134 1595
1135 209
1135 104
1135 1595
1135 1295
1135 912
1136 209
1136 104
1136 1595
1136 1295
1137 209
1137 104
1137 1595
1137 1295
1138 209
1138 104
1138 1595
1138 1295
1139 209
1139 104
1140 209
1140 104
1140 1595
1140 1295
1141 209
1141 104
1141 1595
1141 1295
1142 209
1142 104
1142 1595
1143 209
1143 104
1143 1595
1144 209
1144 104
1144 1595
1144 1295
1145 209
1145 104
1145 1595
1145 1295
1146 209
1146 104
1146 1595
1146 1295
1146 912
1146 158
1147 209
1147 104
1147 1595
1147 1295
1148 209
1148 104
1148 1595
1149 209
1149 104
1149 1595
1149 1295
1149 912
1150 209
1150 104
1150 1595
1151 209
1151 104
1151 1595
1151 1295
1152 209
1152 104
1152 1595
1152 1295
1153 209
1153 104
1153 1595
1154 209
1154 104
1154 1595
1154 1295
1155 209
1155 104
1155 1595
1155 1295
1156 209
1157 209
1157 104
1157 1595
1157 1295
1157 912
1157 158
1158 209
1158 104
1158 1595
1158 1295
1159 209
1159 104
1159 1595
1159 1295
1159 912
1159 158
1160 209
1160 104
1161 209
1161 104
1161 1595
1161 1295
1161 912
1161 158
1162 209
1163 209
1163 104
1163 1595
1164 209
1164 104
1164 1595
1164 1295
1165 209
1165 104
1166 209
1166 104
1166 1595
1166 1295
1167 209
1167 104
1168 209
1168 104
1169 209
1169 104
1170 209
1170 104
1170 1595
1170 1295
1171 209
1171 104
1171 1595
1171 1295
1171 912
1171 158
1171 552
1172 209
1172 104
1172 1595
1172 1295
1173 209
1173 104
1173 1595
1173 1295
1174 209
1174 104
1174 1595
1175 209
1175 104
1175 1595
1175 1295
1175 912
1176 209
1176 104
1176 1595
1176 1295
1177 209
1177 104
1177 1595
1177 1295
1177 912
1178 209
1178 104
1179 209
1179 104
1179 1595
1180 209
1180 104
1180 1595
1180 1295
1180 912
1181 209
1181 104
1181 1595
1181 1295
1182 209
1182 104
1182 1595
1183 209
1183 104
1183 1595
1183 1295
1184 209
1184 104
1184 1595
1184 1295
1184 912
1185 209
1185 104
1186 209
1186 104
1186 1595
1186 1295
1187 209
1187 104
1187 1595
1187 1295
1187 912
1188 209
1188 104
1188 1595
1189 209
1189 104
1189 1595
1189 1295
1190 209
1190 104
1190 1595
1191 209
1191 104
1192 209
1192 104
1192 1595
1192 1295
1192 912
1193 209
1193 104
1193 1595
1193 1295
1194 209
1194 104
1194 1595
1195 209
1195 104
1195 1595
1195 1295
1195 912
1195 158
1196 209
1196 104
1197 209
1197 104
1197 1595
1197 1295
1197 912
1197 158
1197 552
1198 209
1198 104
1198 1595
1198 1295
1199 209
1199 104
1199 1595
1199 1295
1199 912
1199 158
1199 552
1200 209
1200 104
1200 1595
1200 1295
1200 912
1201 209
1201 104
1201 1595
1201 1295
1201 912
1201 158
1202 209
1202 104
1202 1595
1202 1295
1203 209
1203 104
1203 1595
1204 209
1204 104
1204 1595
1204 1295
1205 209
1205 104
1205 1595
1205 1295
1205 912
1205 158
1206 209
1206 104
1206 1595
1206 1295
1207 209
1207 104
1207 1595
1208 209
1208 104
1208 1595
1209 209
1209 104
1209 1595
1209 1295
1210 209
1210 104
1210 1595
1211 209
1211 104
1211 1595
1212 209
1212 104
1212 1595
1213 209
1213 104
1213 1595
1214 209
1214 104
1214 1595
1215 209
1215 104
1215 1595
1215 1295
1215 912
1215 158
1216 209
1216 104
1216 1595
1217 209
1218 209
1219 209
1219 104
1220 209
1220 104
1221 209
1221 104
1221 1595
1221 1295
1221 912
1222 209
1223 209
1223 104
1223 1595
1223 1295
1223 912
1224 209
1224 104
1224 1595
1224 1295
1225 209
1225 104
1225 1595
1226 209
1226 104
1226 1595
1226 1295
1227 209
1227 104
1228 209
1228 104
1228 1595
1229 209
1229 104
1230 209
1230 104
1230 1595
1231 209
1231 104
1232 209
1233 209
1233 104
1234 209
1234 104
1234 1595
1234 1295
1234 912
1234 158
1235 209
1235 104
1235 1595
1235 1295
1235 912
1235 158
1236 209
1236 104
1236 1595
1236 1295
1237 209
1238 209
1238 104
1239 209
1239 104
1239 1595
1239 1295
1240 209
1240 104
1240 1595
1241 209
1241 104
1241 1595
1242 209
1242 104
1243 209
1243 104
1243 1595
1243 1295
1243 912
1244 209
1244 104
1244 1595
1245 209
1246 209
1246 104
1246 1595
1246 1295
1246 912
1246 158
1246 552
1247 209
1247 104
1247 1595
1247 1295
1247 912
1248 209
1248 104
1248 1595
1248 1295
1248 912
1248 158
1249 209
1249 104
1249 1595
1250 209
1250 104
1250 1595
1250 1295
1251 209
1251 104
1251 1595
1251 1295
1252 209
1252 104
1253 209
1253 104
1254 209
1254 104
1255 209
1256 209
1256 104
1256 1595
1256 1295
1256 912
1257 209
1257 104
1257 1595
1257 1295
1257 912
1258 209
1258 104
1259 209
1259 104
1259 1595
1259 1295
1260 209
1261 209
1261 104
1261 1595
1261 1295
1261 912
1262 209
1262 104
1262 1595
1262 1295
1263 209
1263 104
1263 1595
1264 209
1264 104
1264 1595
1264 1295
1265 209
1265 104
1266 209
1266 104
1266 1595
1267 209
1267 104
1267 1595
1267 1295
1267 912
1268 209
1268 104
1268 1595
1268 1295
1269 209
1270 209
1270 104
1271 209
1271 104
1271 1595
1272 209
1272 104
1272 1595
1272 1295
1272 912
1272 158
1273 209
1273 104
1274 209
1274 104
1274 1595
1274 1295
1274 912
1275 209
1275 104
1275 1595
1276 209
1276 104
1276 1595
1276 1295
1277 209
1277 104
1277 1595
1278 209
1278 104
1278 1595
1278 1295
1279 209
1279 104
1280 209
1280 104
1281 209
1281 104
1281 1595
1281 1295
1281 912
1282 209
1282 104
1282 1595
1282 1295
1282 912
1283 209
1283 104
1283 1595
1283 1295
1284 209
1284 104
1284 1595
1285 209
1285 104
1285 1595
1286 209
1286 104
1287 209
1287 104
1287 1595
1287 1295
1287 912
1287 158
1287 552
1287 1355
1288 209
1288 104
1288 1595
1288 1295
1288 912
1289 209
1289 104
1290 209
1290 104
1291 209
1291 104
1291 1595
1292 209
1292 104
1293 209
1293 104
1293 1595
1293 1295
1294 209
1294 104
1294 1595
1294 1295
1294 912
1295 209
1296 209
1296 104
1296 1595
1296 1295
1296 912
1297 209
1297 104
1297 1595
1297 1295
1297 912
1298 209
1298 104
1298 1595
1299 209
1299 104
1299 1595
1299 1295
1299 912
1300 209
1300 104
1300 1595
1301 209
1301 104
1301 1595
1301 1295
1302 209
1302 104
1303 209
1303 104
1303 1595
1303 1295
1303 912
1304 209
1304 104
1304 1595
1304 1295
1305 209
1305 104
1305 1595
1305 1295
1306 209
1306 104
1306 1595
1307 209
1308 209
1308 104
1308 1595
1308 1295
1308 912
1309 209
1309 104
1309 1595
1309 1295
1310 209
1310 104
1311 209
1311 104
1311 1595
1311 1295
1311 912
1311 158
1312 209
1312 104
1312 1595
1313 209
1313 104
1313 1595
1313 1295
1313 912
1314 209
1314 104
1314 1595
1314 1295
1314 912
1314 158
1314 552
1314 1355
1315 209
1315 104
1315 1595
1316 209
1316 104
1317 209
1317 104
1317 1595
1318 209
1318 104
1318 1595
1319 209
1319 104
1319 1595
1320 209
1320 104
1320 1595
1321 209
1321 104
1321 1595
1321 1295
1322 209
1322 104
1322 1595
1322 1295
1322 912
1323 209
1323 104
1323 1595
1323 1295
1324 209
1324 104
1325 209
1325 104
1325 1595
1325 1295
1325 912
1326 209
1326 104
1326 1595
1326 1295
1326 912
1326 158
1327 209
1327 104
1327 1595
1327 1295
1327 912
1327 158
1327 552
1328 209
1328 104
1329 209
1329 104
1329 1595
1330 209
1330 104
1330 1595
1330 1295
1330 912
1330 158
1331 209
1331 104
1331 1595
1331 1295
1332 209
1332 104
1332 1595
1332 1295
1332 912
1332 158
1333 209
1333 104
1333 1595
1333 1295
1333 912
1334 209
1334 104
1334 1595
1334 1295
1334 912
1335 209
1335 104
1336 209
1337 209
1337 104
1338 209
1339 209
1339 104
1339 1595
1339 1295
1340 209
1340 104
1340 1595
1340 1295
1341 209
1341 104
1342 209
1342 104
1342 1595
1342 1295
1342 912
1342 158
1343 209
1343 104
1343 1595
1343 1295
1343 912
1344 209
1344 104
1344 1595
1345 209
1345 104
1345 1595
1345 1295
1346 209
1346 104
1346 1595
1346 1295
1346 912
1346 158
1347 209
1347 104
1347 1595
1347 1295
1348 209
1348 104
1348 1595
1348 1295
1349 209
1349 104
1350 209
1350 104
1351 209
1351 104
1351 1595
1352 209
1352 104
1353 209
1353 104
1353 1595
1353 1295
1353 912
1354 209
1354 104
1354 1595
1354 1295
1354 912
1354 158
1354 552
1355 209
1356 209
1356 104
1357 209
1358 209
1358 104
1359 209
1359 104
1359 1595
1360 209
1360 104
1360 1595
1360 1295
1360 912
1361 209
1361 104
1361 1595
1362 209
1362 104
1363 209
1363 104
1363 1595
1364 209
1364 104
1364 1595
1364 1295
1364 912
1364 158
1365 209
1365 104
1365 1595
1365 1295
1365 912
1366 209
1366 104
1367 209
1367 104
1367 1595
1367 1295
1367 912
1368 209
1368 104
1368 1595
1368 1295
1368 912
1368 158
1368 552
1369 209
1370 209
1370 104
1370 1595
1370 1295
1370 912
1371 209
1371 104
1371 1595
1371 1295
1371 912
1371 158
1372 209
1372 104
1373 209
1373 104
1373 1595
1373 1295
1373 912
1374 209
1374 104
1374 1595
1374 1295
1375 209
1376 209
1376 104
1376 1595
1376 1295
1376 912
1377 209
1377 104
1377 1595
1377 1295
1378 209
1378 104
1379 209
1379 104
1379 1595
1380 209
1380 104
1381 209
1381 104
1381 1595
1381 1295
1382 209
1382 104
1382 1595
1383 209
1383 104
1383 1595
1383 1295
1383 912
1384 209
1384 104
1384 1595
1384 1295
1385 209
1385 104
1385 1595
1386 209
1386 104
1387 209
1387 104
1388 209
1388 104
1388 1595
1388 1295
1388 912
1389 209
1389 104
1389 1595
1389 1295
1390 209
1390 104
1390 1595
1390 1295
1390 912
1391 209
1391 104
1392 209
1392 104
1392 1595
1392 1295
1392 912
1392 158
1393 209
1394 209
1394 104
1395 209
1395 104
1395 1595
1396 209
1396 104
1396 1595
1397 209
1397 104
1397 1595
1397 1295
1397 912
1397 158
1397 552
1397 1355
1398 209
1398 104
1398 1595
1399 209
1399 104
1400 209
1400 104
1400 1595
1400 1295
1401 209
1401 104
1401 1595
1401 1295
1401 912
1401 158
1401 552
1401 1355
1401 995
1402 209
1402 104
1402 1595
1402 1295
1402 912
1402 158
1402 552
1402 1355
1402 995
1403 209
1404 209
1404 104
1405 209
1406 209
1406 104
1406 1595
1406 1295
1407 209
1408 209
1408 104
1408 1595
1408 1295
1409 209
1409 104
1409 1595
1409 1295
1409 912
1410 209
1410 104
1410 1595
1410 1295
1411 209
1411 104
1412 209
1413 209
1413 104
1413 1595
1413 1295
1414 209
1414 104
1414 1595
1414 1295
1415 209
1415 104
1415 1595
1416 209
1416 104
1416 1595
1416 1295
1417 209
1418 209
1419 209
1419 104
1419 1595
1419 1295
1420 209
1420 104
1420 1595
1420 1295
1421 209
1421 104
1421 1595
1422 209
1422 104
1422 1595
1423 209
1423 104
1424 209
1424 104
1425 209
1425 104
1425 1595
1426 209
1427 209
1427 104
1427 1595
1427 1295
1427 912
1428 209
1428 104
1428 1595
1429 209
1429 104
1429 1595
1430 209
1430 104
1431 209
1431 104
1431 1595
1431 1295
1432 209
1432 104
1432 1595
1432 1295
1433 209
1433 104
1433 1595
1433 1295
1433 912
1434 209
1434 104
1434 1595
1435 209
1435 104
1436 209
1436 104
1436 1595
1437 209
1437 104
1437 1595
1438 209
1438 104
1439 209
1439 104
1439 1595
1439 1295
1440 209
1440 104
1440 1595
1440 1295
1441 209
1441 104
1441 1595
1441 1295
1442 209
1442 104
1442 1595
1443 209
1443 104
1443 1595
1443 1295
1443 912
1444 209
1444 104
1444 1595
1444 1295
1445 209
1445 104
1445 1595
1445 1295
1446 209
1446 104
1446 1595
1446 1295
1446 912
1447 209
1447 104
1447 1595
1447 1295
1447 912
1448 209
1448 104
1448 1595
1448 1295
1448 912
1449 209
1449 104
1449 1595
1449 1295
1450 209
1450 104
1450 1595
1451 209
1451 104
1451 1595
1451 1295
1451 912
1451 158
1452 209
1452 104
1452 1595
1453 209
1454 209
1454 104
1454 1595
1454 1295
1455 209
1455 104
1455 1595
1455 1295
1455 912
1456 209
1457 209
1457 104
1458 209
1458 104
1459 209
1459 104
1459 1595
1460 209
1460 104
1460 1595
1460 1295
1460 912
1461 209
1461 104
1462 209
1462 104
1462 1595
1463 209
1463 104
1463 1595
1464 209
1464 104
1464 1595
1465 209
1465 104
1465 1595
1466 209
1466 104
1466 1595
1466 1295
1466 912
1467 209
1467 104
1467 1595
1468 209
1469 209
1469 104
1469 1595
1470 209
1470 104
1470 1595
1471 209
1472 209
1472 104
1472 1595
1472 1295
1472 912
1473 209
1473 104
1473 1595
1473 1295
1474 209
1475 209
1475 104
1475 1595
1476 209
1476 104
1476 1595
1476 1295
1477 209
1477 104
1477 1595
1478 209
1478 104
1478 1595
1478 1295
1478 912
1478 158
1478 552
1479 209
1479 104
1480 209
1480 104
1480 1595
1480 1295
1481 209
1482 209
1482 104
1483 209
1483 104
1483 1595
1484 209
1484 104
1484 1595
1485 209
1485 104
1485 1595
1486 209
1486 104
1486 1595
1486 1295
1486 912
1486 158
1486 552
1487 209
1487 104
1487 1595
1487 1295
1488 209
1488 104
1488 1595
1489 209
1489 104
1489 1595
1489 1295
1489 912
1490 209
1490 104
1490 1595
1490 1295
1491 209
1491 104
1491 1595
1491 1295
1491 912
1492 209
1492 104
1493 209
1493 104
1494 209
1494 104
1494 1595
1494 1295
1495 209
1495 104
1496 209
1496 104
1497 209
1498 209
1498 104
1499 209
1499 104
1499 1595
1499 1295
1499 912
1500 209
1500 104
1501 209
1501 104
1501 1595
1501 1295
1502 209
1502 104
1502 1595
1503 209
1503 104
1503 1595
1503 1295
1503 912
1504 209
1504 104
1505 209
1505 104
1505 1595
1505 1295
1506 209
1506 104
1506 1595
1507 209
1507 104
1508 209
1508 104
1508 1595
1509 209
1509 104
1509 1595
1510 209
1510 104
1511 209
1511 104
1512 209
1512 104
1512 1595
1512 1295
1513 209
1513 104
1513 1595
1513 1295
1513 912
1514 209
1514 104
1514 1595
1515 209
1515 104
1516 209
1516 104
1516 1595
1516 1295
1516 912
1516 158
1516 552
1517 209
1517 104
1517 1595
1517 1295
1518 209
1518 104
1518 1595
1519 209
1519 104
1519 1595
1519 1295
1520 209
1520 104
1520 1595
1520 1295
1520 912
1521 209
1521 104
1521 1595
1521 1295
1521 912
1522 209
1522 104
1522 1595
1522 1295
1523 209
1523 104
1523 1595
1523 1295
1523 912
1524 209
1524 104
1524 1595
1524 1295
1524 912
1524 158
1525 209
1525 104
1525 1595
1525 1295
1526 209
1526 104
1527 209
1527 104
1527 1595
1527 1295
1527 912
1528 209
1528 104
1528 1595
1528 1295
1528 912
1529 209
1530 209
1530 104
1530 1595
1531 209
1531 104
1531 1595
1532 209
1532 104
1532 1595
1532 1295
1532 912
1532 158
1533 209
1533 104
1533 1595
1533 1295
1534 209
1534 104
1535 209
1535 104
1535 1595
1535 1295
1535 912
1535 158
1535 552
1536 209
1536 104
1537 209
1537 104
1537 1595
1537 1295
1537 912
1537 158
1538 209
1538 104
1538 1595
1538 1295
1539 209
1540 209
1540 104
1540 1595
1540 1295
1540 912
1540 158
1541 209
1541 104
1541 1595
1541 1295
1541 912
1542 209
1542 104
1542 1595
1542 1295
1542 912
1542 158
1542 552
1543 209
1543 104
1543 1595
1543 1295
1543 912
1543 158
1543 552
1543 1355
1544 209
1544 104
1545 209
1545 104
1545 1595
1545 1295
1545 912
1545 158
1546 209
1546 104
1547 209
1548 209
1549 209
1549 104
1549 1595
1549 1295
1549 912
1549 158
1550 209
1551 209
1551 104
1551 1595
1552 209
1552 104
1552 1595
1552 1295
1552 912
1553 209
1554 209
1554 104
1554 1595
1555 209
1555 104
1556 209
1556 104
1557 209
1557 104
1558 209
1558 104
1559 209
1559 104
1560 209
1560 104
1560 1595
1560 1295
1560 912
1560 158
1561 209
1561 104
1561 1595
1561 1295
1562 209
1562 104
1562 1595
1563 209
1563 104
1563 1595
1564 209
1564 104
1564 1595
1564 1295
1564 912
1564 158
1565 209
1565 104
1565 1595
1565 1295
1565 912
1566 209
1566 104
1566 1595
1566 1295
1566 912
1566 158
1567 209
1567 104
1567 1595
1567 1295
1567 912
1567 158
1568 209
1568 104
1568 1595
1568 1295
1568 912
1568 158
1569 209
1569 104
1569 1595
1569 1295
1570 209
1570 104
1570 1595
1570 1295
1570 912
1571 209
1571 104
1571 1595
1572 209
1572 104
1572 1595
1573 209
1573 104
1573 1595
1573 1295
1574 209
1574 104
1575 209
1576 209
1577 209
1577 104
1577 1595
1578 209
1578 104
1578 1595
1578 1295
1578 912
1578 158
1579 209
1579 104
1579 1595
1580 209
1580 104
1580 1595
1580 1295
1581 209
1581 104
1581 1595
1582 209
1582 104
1583 209
1583 104
1584 209
1584 104
1585 209
1585 104
1585 1595
1585 1295
1586 209
1586 104
1586 1595
1586 1295
1587 209
1588 209
1589 209
1589 104
1589 1595
1589 1295
1589 912
1590 209
1591 209
1591 104
1591 1595
1591 1295
1591 912
1591 158
1591 552
1592 209
1592 104
1592 1595
1592 1295
1592 912
1593 209
1594 209
1594 104
1594 1595
1595 209
1595 104
1595 1295
1595 912
1595 158
1595 552
1595 1355
1596 209
1596 104
1596 1595
1596 1295
1596 912
1597 209
1597 104
1597 1595
1598 209
1598 104
1598 1595
1599 209
1599 104
1599 1595
1600 209
1600 104
1601 209
1601 104
1601 1595
1601 1295
1602 209
1602 104
1602 1595
1602 1295
1602 912
1603 209
1603 104
1603 1595
1603 1295
1604 209
1604 104
1604 1595
1604 1295
1604 912
1604 158
1605 209
1605 104
1605 1595
1606 209
1606 104
1606 1595
1606 1295
1606 912
1606 158
1606 552
1607 209
1607 104
1607 1595
1607 1295
1607 912
1608 209
1608 104
1608 1595
1608 1295
1608 912
1608 158
1608 552
1609 209
1609 104
1609 1595
1609 1295
1609 912
1610 209
1610 104
1610 1595
1610 1295
1610 912
1610 158
1611 209
1611 104
1611 1595
1611 1295
1612 209
1612 104
1612 1595
1612 1295
1612 912
1612 158
1613 209
1613 104
1613 1595
1613 1295
1613 912
1613 158
1614 209
1614 104
1614 1595
1614 1295
1615 209
1615 104
1616 209
1616 104
1616 1595
1617 209
1617 104
1617 1595
1617 1295
1618 209
1618 104
1618 1595
1619 209
1619 104
1619 1595
1619 1295
1619 912
1619 158
1619 552
1620 209
1620 104
1620 1595
1620 1295
1621 209
1621 104
1621 1595
1622 209
1622 104
1622 1595
1622 1295
1622 912
1622 158
1623 209
1623 104
1623 1595
1623 1295
1623 912
1623 158
1623 552
1624 209
1624 104
1624 1595
1624 1295
1624 912
1625 209
1625 104
1626 209
1626 104
1626 1595
1626 1295
1627 209
1627 104
1627 1595
1627 1295
1627 912
1627 158
1628 209
1628 104
1628 1595
1628 1295
1628 912
1628 158
1629 209
1630 209
1631 209
1631 104
1631 1595
1631 1295
1631 912
1632 209
1632 104
1633 209
1633 104
1633 1595
1633 1295
1634 209
1634 104
1635 209
1635 104
1636 209
1636 104
1637 209
1637 104
1637 1595
1638 209
1638 104
1638 1595
1638 1295
1638 912
1639 209
1639 104
1640 209
1640 104
1640 1595
1640 1295
1640 912
1640 158
1640 552
1641 209
1641 104
1641 1595
1642 209
1642 104
1642 1595
1643 209
1643 104
1643 1595
1643 1295
1644 209
1644 104
1644 1595
1644 1295
1645 209
1645 104
1645 1595
1646 209
1646 104
1646 1595
1646 1295
1647 209
1647 104
1647 1595
1647 1295
1647 912
1648 209
1648 104
1648 1595
1648 1295
1648 912
1649 209
1649 104
1649 1595
1649 1295
1649 912
1650 209
1650 104
1650 1595
1651 209
1651 104
1651 1595
1652 209
1652 104
1652 1595
1652 1295
1653 209
1653 104
1654 209
1654 104
1654 1595
1654 1295
1654 912
1654 158
1655 209
1655 104
1655 1595
1655 1295
1656 209
1656 104
1656 1595
1656 1295
1657 209
1657 104
1657 1595
1657 1295
1657 912
1657 158
1658 209
1658 104
1658 1595
1658 1295
1658 912
1658 158
1659 209
1659 104
1659 1595
1659 1295
1659 912
1660 209
1660 104
1660 1595
1661 209
1662 209
1662 104
1662 1595
1663 209
1663 104
1663 1595
1664 209
1664 104
1664 1595
1664 1295
1664 912
1664 158
1665 209
1665 104
1666 209
1666 104
1667 209
1668 209
1668 104
1668 1595
1669 209
1669 104
1670 209
1670 104
1670 1595
1670 1295
1671 209
1671 104
1671 1595
1671 1295
1672 209
1672 104
1672 1595
1673 209
1673 104
1673 1595
1674 209
1674 104
1675 209
1675 104
1675 1595
1675 1295
1676 209
1676 104
1676 1595
1677 209
1677 104
1677 1595
1678 209
1678 104
1678 1595
1679 209
1679 104
1679 1595
1679 1295
1679 912
1680 209
1680 104
1680 1595
1681 209
1681 104
1681 1595
1682 209
1682 104
1682 1595
1682 1295
1682 912
1683 209
1684 209
1684 104
1684 1595
1684 1295
1685 209
1685 104
1685 1595
1685 1295
1685 912
1686 209
1686 104
1687 209
1687 104
1687 1595
1687 1295
1688 209
1688 104
1688 1595
1688 1295
1688 912
1689 209
1689 104
1689 1595
1689 1295
1689 912
1689 158
1690 209
1690 104
1690 1595
1690 1295
1690 912
1691 209
1691 104
1691 1595
1692 209
1692 104
1692 1595
1693 209
1693 104
1693 1595
1694 209
1694 104
1694 1595
1694 1295
1695 209
1695 104
1695 1595
1695 1295
1696 209
1696 104
1697 209
1697 104
1697 1595
1697 1295
1697 912
1697 158
1698 209
1698 104
1698 1595
1699 209
1700 209
1700 104
1701 209
1701 104
1701 1595
1701 1295
1701 912
1702 209
1702 104
1702 1595
1703 209
1703 104
1703 1595
1704 209
1704 104
1705 209
1705 104
1705 1595
1705 1295
1706 209
1706 104
1706 1595
1706 1295
1706 912
1706 158
1707 209
1707 104
1708 209
1708 104
1708 1595
1708 1295
1708 912
1709 209
1709 104
1709 1595
1709 1295
1709 912
1709 158
1710 209
1710 104
1711 209
1711 104
1711 1595
1711 1295
1712 209
1712 104
1712 1595
1712 1295
1713 209
1713 104
1714 209
1714 104
1714 1595
1714 1295
1714 912
1714 158
1715 209
1715 104
1715 1595
1715 1295
1715 912
1716 209
1716 104
1716 1595
1716 1295
1717 209
1717 104
1718 209
1718 104
1718 1595
1718 1295
1719 209
1720 209
1721 209
1721 104
1721 1595
1721 1295
1721 912
1721 158
1721 552
1721 1355
1722 209
1723 209
1723 104
1723 1595
1724 209
1724 104
1724 1595
1725 209
1725 104
1725 1595
1725 1295
1725 912
1726 209
1726 104
1727 209
1727 104
1727 1595
1727 1295
1727 912
1727 158
1728 209
1728 104
1728 1595
1728 1295
1729 209
1729 104
1730 209
1730 104
1731 209
1731 104
1731 1595
1731 1295
1732 209
1732 104
1732 1595
1732 1295
1733 209
1734 209
1735 209
1735 104
1735 1595
1735 1295
1735 912
1736 209
1737 209
1737 104
1737 1595
1737 1295
1738 209
1738 104
1738 1595
1738 1295
1738 912
1739 209
1739 104
1739 1595
1740 209
1740 104
1741 209
1741 104
1741 1595
1742 209
1742 104
1742 1595
1742 1295
1743 209
1743 104
1743 1595
1743 1295
1743 912
1744 209
1744 104
1745 209
1745 104
1745 1595
1746 209
1746 104
1747 209
1747 104
1748 209
1748 104
1748 1595
1748 1295
1749 209
1750 209
1750 104
1751 209
1751 104
1751 1595
1751 1295
1752 209
1752 104
1753 209
1754 209
1754 104
1754 1595
1754 1295
1754 912
1755 209
1755 104
1756 209
1756 104
1756 1595
1756 1295
1756 912
1756 158
1757 209
1757 104
1757 1595
1757 1295
1758 209
1758 104
1758 1595
1758 1295
1759 209
1759 104
1759 1595
1760 209
1760 104
1760 1595
1761 209
1761 104
1761 1595
1761 1295
1761 912
1762 209
1762 104
1763 209
1763 104
1763 1595
1763 1295
1763 912
1763 158
1763 552
1764 209
1765 209
1766 209
1767 209
1767 104
1767 1595
1767 1295
1768 209
1768 104
1768 1595
1769 209
1769 104
1770 209
1770 104
1770 1595
1770 1295
1770 912
1771 209
1771 104
1771 1595
1772 209
1772 104
1772 1595
1772 1295
1772 912
1773 209
1773 104
1774 209
1774 104
1774 1595
1775 209
1775 104
1775 1595
1775 1295
1776 209
1776 104
1776 1595
1776 1295
1776 912
1777 209
1777 104
1777 1595
1777 1295
1778 209
1778 104
1778 1595
1778 1295
1778 912
1779 209
1779 104
1779 1595
1779 1295
1780 209
1780 104
1781 209
1781 104
1782 209
1782 104
1782 1595
1783 209
1783 104
1783 1595
1784 209
1784 104
1784 1595
1784 1295
1784 912
1784 158
1784 552
1785 209
1785 104
1785 1595
1785 1295
1785 912
1786 209
1786 104
1786 1595
1786 1295
1787 209
1787 104
1787 1595
1788 209
1788 104
1788 1595
1789 209
1790 209
1790 104
1790 1595
1790 1295
1791 209
1791 104
1791 1595
1792 209
1792 104
1792 1595
1793 209
1793 104
1793 1595
1793 1295
1793 912
1794 209
1794 104
1794 1595
1794 1295
1795 209
1795 104
1795 1595
1795 1295
1796 209
1796 104
1796 1595
1797 209
1797 104
1797 1595
1797 1295
1798 209
1798 104
1799 209
1799 104
1799 1595
1800 209
1800 104
1800 1595
1801 209
1801 104
1801 1595
1801 1295
1802 209
1802 104
1802 1595
1802 1295
1803 209
1803 104
1803 1595
1803 1295
1804 209
1805 209
1805 104
1805 1595
1805 1295
1805 912
1806 209
1807 209
1807 104
1808 209
1808 104
1808 1595
1809 209
1809 104
1809 1595
1809 1295
1809 912
1809 158
1810 209
1810 104
1810 1595
1810 1295
1810 912
1811 209
1812 209
1813 209
1813 104
1813 1595
1813 1295
1813 912
1814 209
1814 104
1814 1595
1814 1295
1815 209
1815 104
1816 209
1816 104
1816 1595
1816 1295
1817 209
1817 104
1817 1595
1817 1295
1818 209
1818 104
1818 1595
1818 1295
1818 912
1819 209
1819 104
1819 1595
1819 1295
1819 912
1820 209
1821 209
1821 104
1822 209
1822 104
1822 1595
1822 1295
1822 912
1823 209
1823 104
1823 1595
1824 209
1825 209
1825 104
1825 1595
1825 1295
1826 209
1826 104
1826 1595
1826 1295
1826 912
1827 209
1828 209
1828 104
1829 209
1829 104
1830 209
1830 104
1830 1595
1830 1295
1830 912
1830 158
1831 209
1831 104
1832 209
1832 104
1832 1595
1832 1295
1832 912
1833 209
1833 104
1833 1595
1833 1295
1833 912
1834 209
1834 104
1834 1595
1835 209
1835 104
1835 1595
1835 1295
1835 912
1836 209
1836 104
1836 1595
1837 209
1837 104
1838 209
1838 104
1839 209
1840 209
1840 104
1840 1595
1840 1295
1841 209
1841 104
1841 1595
1841 1295
1841 912
1841 158
1842 209
1842 104
1842 1595
1842 1295
1842 912
1843 209
1843 104
1844 209
1844 104
1844 1595
1845 209
1845 104
1845 1595
1845 1295
1846 209
1846 104
1846 1595
1846 1295
1847 209
1847 104
1847 1595
1848 209
1848 104
1848 1595
1848 1295
1849 209
1849 104
1849 1595
1849 1295
1850 209
1850 104
1851 209
1851 104
1851 1595
1851 1295
1851 912
1851 158
1852 209
1852 104
1852 1595
1853 209
1853 104
1854 209
1854 104
1854 1595
1854 1295
1855 209
1855 104
1856 209
1857 209
1857 104
1858 209
1858 104
1858 1595
1858 1295
1859 209
1859 104
1859 1595
1860 209
1860 104
1860 1595
1860 1295
1860 912
1861 209
1861 104
1861 1595
1861 1295
1862 209
1862 104
1862 1595
1863 209
1863 104
1863 1595
1863 1295
1864 209
1864 104
1864 1595
1865 209
1865 104
1865 1595
1865 1295
1865 912
1865 158
1866 209
1866 104
1866 1595
1866 1295
1866 912
1866 158
1867 209
1867 104
1867 1595
1867 1295
1867 912
1868 209
1869 209
1870 209
1870 104
1870 1595
1871 209
1871 104
1871 1595
1871 1295
1872 209
1872 104
1873 209
1873 104
1873 1595
1873 1295
1874 209
1874 104
1874 1595
1874 1295
1874 912
1874 158
1874 552
1874 1355
1875 209
1875 104
1875 1595
1876 209
1876 104
1876 1595
1876 1295
1876 912
1876 158
1876 552
1877 209
1877 104
1877 1595
1877 1295
1877 912
1878 209
1878 104
1878 1595
1878 1295
1878 912
1878 158
1879 209
1879 104
1879 1595
1880 209
1880 104
1880 1595
1880 1295
1880 912
1880 158
1880 552
1881 209
1881 104
1882 209
1882 104
1882 1595
1883 209
1884 209
1884 104
1884 1595
1884 1295
1885 209
1885 104
1885 1595
1885 1295
1885 912
1886 209
1886 104
1886 1595
1886 1295
1886 912
1886 158
1887 209
1887 104
1887 1595
1887 1295
1888 209
1888 104
1888 1595
1889 209
1889 104
1890 209
1890 104
1890 1595
1890 1295
1890 912
1890 158
1891 209
1891 104
1891 1595
1891 1295
1892 209
1892 104
1892 1595
1892 1295
1893 209
1894 209
1894 104
1894 1595
1894 1295
1894 912
1894 158
1895 209
1895 104
1895 1595
1895 1295
1895 912
1896 209
1896 104
1897 209
1897 104
1897 1595
1898 209
1898 104
1899 209
1900 209
1900 104
1900 1595
1900 1295
1901 209
1901 104
1901 1595
1901 1295
1902 209
1902 104
1902 1595
1903 209
1903 104
1903 1595
1903 1295
1903 912
1904 209
1904 104
1904 1595
1904 1295
1904 912
1904 158
1905 209
1905 104
1905 1595
1906 209
1906 104
1906 1595
1906 1295
1907 209
1907 104
1908 209
1908 104
1908 1595
1909 209
1909 104
1909 1595
1909 1295
1910 209
1910 104
1911 209
1912 209
1912 104
1912 1595
1912 1295
1913 209
1913 104
1913 1595
1913 1295
1914 209
1914 104
1915 209
1915 104
1915 1595
1915 1295
1916 209
1916 104
1916 1595
1916 1295
1917 209
1917 104
1917 1595
1917 1295
1918 209
1918 104
1918 1595
1918 1295
1918 912
1918 158
1919 209
1919 104
1919 1595
1919 1295
1919 912
1920 209
1920 104
1921 209
1921 104
1921 1595
1922 209
1922 104
1923 209
1923 104
1923 1595
1923 1295
1924 209
1925 209
1925 104
1925 1595
1925 1295
1925 912
1925 158
1925 552
1926 209
1926 104
1926 1595
1926 1295
1926 912
1927 209
1927 104
1927 1595
1927 1295
1927 912
1927 158
1927 552
1927 1355
1928 209
1928 104
1929 209
1929 104
1929 1595
1929 1295
1929 912
1930 209
1930 104
1930 1595
1930 1295
1931 209
1931 104
1931 1595
1932 209
1932 104
1932 1595
1933 209
1933 104
1934 209
1935 209
1935 104
1936 209
1936 104
1936 1595
1937 209
1937 104
1938 209
1938 104
1939 209
1939 104
1940 209
1941 209
1941 104
1942 209
1942 104
1943 209
1943 104
1943 1595
1943 1295
1943 912
1944 209
1944 104
1944 1595
1944 1295
1945 209
1945 104
1946 209
1946 104
1946 1595
1947 209
1947 104
1947 1595
1948 209
1948 104
1949 209
1950 209
1950 104
1950 1595
1951 209
1951 104
1952 209
1952 104
1952 1595
1953 209
1954 209
1954 104
1954 1595
1955 209
1955 104
1955 1595
1955 1295
1955 912
1956 209
1956 104
1956 1595
1956 1295
1957 209
1957 104
1957 1595
1958 209
1958 104
1958 1595
1958 1295
1959 209
1960 209
1960 104
1960 1595
1960 1295
1960 912
1961 209
1961 104
1961 1595
1961 1295
1961 912
1961 158
1962 209
1962 104
1962 1595
1963 209
1963 104
1963 1595
1964 209
1964 104
1964 1595
1964 1295
1964 912
1964 158
1965 209
1965 104
1965 1595
1965 1295
1966 209
1966 104
1967 209
1967 104
1967 1595
1968 209
1968 104
1969 209
1969 104
1969 1595
1970 209
1970 104
1971 209
1972 209
1972 104
1972 1595
1972 1295
1972 912
1973 209
1973 104
1973 1595
1973 1295
1974 209
1974 104
1974 1595
1974 1295
1974 912
1975 209
1975 104
1975 1595
1976 209
1976 104
1976 1595
1977 209
1978 209
1978 104
1978 1595
1978 1295
1979 209
1979 104
1979 1595
1980 209
1980 104
1980 1595
1981 209
1982 209
1982 104
1982 1595
1983 209
1983 104
1983 1595
1983 1295
1984 209
1984 104
1985 209
1985 104
1985 1595
1985 1295
1985 912
1986 209
1986 104
1986 1595
1987 209
1987 104
1987 1595
1988 209
1988 104
1989 209
1989 104
1989 1595
1989 1295
1990 209
1990 104
1990 1595
1991 209
1991 104
1991 1595
1992 209
1992 104
1993 209
1993 104
1993 1595
1994 209
1994 104
1994 1595
1994 1295
1995 209
1995 104
1996 209
1997 209
1997 104
1997 1595
1997 1295
1997 912
1997 158
1997 552
1998 209
1998 104
1998 1595
1999 209
1999 104
2000 209
2000 104
2000 1595
2000 1295
