100 371
1 91
1 51
1 90
1 3
1 88
1 8
2 91
2 51
2 90
2 3
2 88
2 8
3 91
3 51
3 90
3 88
3 8
4 91
4 51
4 90
4 3
4 88
5 91
5 51
5 90
6 91
6 51
6 90
7 91
7 51
7 90
8 91
8 51
8 90
9 91
9 51
9 90
10 91
10 51
10 90
10 3
10 88
11 91
11 51
11 90
11 3
12 91
12 51
13 91
13 51
13 90
14 91
14 51
14 90
14 3
14 88
15 91
15 51
16 91
16 51
17 91
17 51
17 90
17 3
18 91
18 51
18 90
18 3
18 88
18 8
18 34
19 91
19 51
19 90
19 3
20 91
20 51
20 90
20 3
20 88
20 8
20 34
21 91
21 51
21 90
21 3
22 91
22 51
22 90
22 3
22 88
22 8
23 91
23 51
23 90
24 91
25 91
25 51
25 90
25 3
26 91
26 51
26 90
26 3
26 88
26 8
26 34
26 2
27 91
27 51
27 90
27 3
27 88
28 91
28 51
28 90
28 3
28 88
29 91
29 51
29 90
29 3
29 88
29 8
30 91
30 51
30 90
31 91
31 51
31 90
32 91
32 51
32 90
32 3
32 88
32 8
33 91
33 51
33 90
33 3
34 91
34 51
34 90
35 91
35 51
35 90
35 3
36 91
37 91
37 51
37 90
38 91
38 51
38 90
38 3
38 88
39 91
39 51
39 90
39 3
39 88
40 91
40 51
40 90
40 3
41 91
41 51
42 91
42 51
42 90
42 3
42 88
43 91
43 51
43 90
43 3
43 88
44 91
44 51
44 90
44 3
44 88
45 91
45 51
46 91
46 51
46 90
47 91
47 51
47 90
47 3
48 91
48 51
48 90
48 3
49 91
49 51
49 90
49 3
49 88
50 91
50 51
50 90
50 3
51 91
51 90
51 3
52 91
52 51
52 90
52 3
52 88
52 8
52 34
52 2
53 91
53 51
54 91
54 51
54 90
54 3
55 91
55 51
55 90
55 3
55 88
55 8
56 91
56 51
56 90
56 3
57 91
57 51
57 90
57 3
57 88
57 8
58 91
58 51
59 91
59 51
60 91
60 51
60 90
61 91
61 51
61 90
61 3
61 88
62 91
62 51
62 90
62 3
62 88
63 91
63 51
63 90
63 3
64 91
64 51
65 91
65 51
66 91
67 91
67 51
67 90
68 91
69 91
69 51
69 90
69 3
69 88
70 91
70 51
71 91
71 51
71 90
71 3
72 91
72 51
72 90
72 3
72 88
73 91
73 51
74 91
74 51
74 90
74 3
74 88
75 91
75 51
75 90
75 3
75 88
75 8
76 91
76 51
77 91
77 51
77 90
78 91
79 91
80 91
80 51
80 90
81 91
81 51
81 90
82 91
82 51
83 91
84 91
85 91
85 51
85 90
85 3
86 91
86 51
86 90
86 3
86 88
87 91
87 51
87 90
88 91
88 51
89 91
89 51
89 90
90 91
90 51
90 3
91 51
91 90
91 3
91 88
91 8
92 91
92 51
92 90
93 91
93 51
93 90
94 91
95 91
95 51
95 90
95 3
95 88
95 8
96 91
96 51
96 90
96 3
96 88
97 91
97 51
97 90
97 3
98 91
98 51
98 90
98 3
98 88
99 91
99 51
100 91
100 51
100 90
