1000_3801
1 967
1 876
1 717
1 541
2 479
2 517
2 571
2 341
3 537
3 582
3 380
3 220
4 884
4 106
4 556
4 47
5 125
5 204
5 665
5 346
6 125
6 282
6 782
6 267
7 293
7 997
7 770
7 809
8 982
8 363
8 739
8 109
9 98
9 330
9 778
9 42
10 957
10 547
10 404
10 546
11 263
11 318
11 447
11 983
12 753
12 714
12 120
12 23
13 783
13 716
13 500
13 7
14 555
14 110
14 408
14 275
15 399
15 290
15 626
15 820
16 341
16 616
16 889
16 274
17 489
17 750
17 229
17 465
18 12
18 673
18 786
18 531
19 255
19 523
19 356
19 747
20 786
20 205
20 264
20 919
21 814
21 409
21 786
21 25
22 41
22 636
22 681
22 225
23 375
23 72
23 312
23 764
24 726
24 469
24 155
24 659
25 151
25 320
25 839
25 424
26 438
26 313
26 6
26 318
27 916
27 554
27 697
27 716
28 563
28 134
28 896
28 785
29 875
29 552
29 262
29 42
30 549
30 722
30 867
30 177
31 630
31 951
31 682
31 308
32 880
32 770
32 988
32 567
33 280
33 557
33 325
33 537
34 922
34 905
34 815
34 244
35 191
35 474
35 56
35 108
36 852
36 968
36 262
36 888
37 986
37 137
37 393
37 131
38 568
38 699
38 485
38 262
39 62
39 609
39 614
39 253
40 642
40 954
40 903
40 733
41 307
41 356
41 982
41 393
42 535
42 611
42 241
42 564
43 9
43 617
43 186
43 859
44 825
44 489
44 101
44 330
45 188
45 559
45 811
45 287
46 747
46 797
46 365
46 903
47 173
47 232
47 253
47 776
48 354
48 673
48 127
48 679
49 972
49 573
49 806
49 888
50 534
50 190
50 928
50 174
51 483
51 128
51 132
51 706
52 941
52 884
52 991
52 385
53 40
53 498
53 455
53 403
54 334
54 936
54 530
54 934
55 624
55 678
55 540
55 302
56 390
56 734
56 235
56 51
57 176
57 183
57 379
57 126
58 175
58 164
58 905
58 380
59 864
59 494
59 574
59 766
60 920
60 297
60 28
60 775
61 517
61 47
61 89
61 194
62 248
62 412
62 760
62 637
63 272
63 664
63 320
63 909
64 617
64 967
64 40
64 273
65 525
65 418
65 247
65 925
66 246
66 585
66 635
66 86
67 181
67 609
67 753
67 122
68 183
68 668
68 247
68 323
69 80
69 62
69 506
69 657
70 921
70 413
70 379
70 535
71 504
71 966
71 144
71 332
72 71
72 738
72 501
72 550
73 56
73 552
73 176
73 713
74 555
74 197
74 650
74 725
75 797
75 906
75 296
75 986
76 679
76 797
76 904
76 824
77 16
77 952
77 698
77 522
78 954
78 941
78 167
78 864
79 422
79 462
79 232
79 356
80 856
80 23
80 551
80 989
81 757
81 183
81 419
81 774
82 866
82 304
82 465
82 832
83 38
83 418
83 444
83 622
84 703
84 877
84 641
84 834
85 882
85 982
85 692
85 97
86 658
86 314
86 887
86 964
87 955
87 211
87 701
87 601
88 432
88 542
88 982
88 174
89 208
89 67
89 791
89 603
90 704
90 494
90 723
90 351
91 57
91 598
91 520
91 283
92 674
92 917
92 621
92 597
93 546
93 14
93 454
93 299
94 707
94 457
94 354
94 861
95 440
95 1000
95 838
95 989
96 570
96 832
96 701
96 271
97 598
97 208
97 993
97 636
98 167
98 509
98 292
98 935
99 616
99 63
99 128
99 826
100 24
101 316
101 589
101 85
101 90
102 124
102 804
102 953
102 744
103 615
103 850
103 842
103 647
104 211
104 39
104 117
104 717
105 459
105 161
105 483
105 947
106 196
106 276
106 552
106 259
107 645
107 495
107 69
107 769
108 611
108 378
108 395
108 376
109 579
109 571
109 748
109 459
110 978
110 984
110 117
110 532
111 311
111 804
111 986
111 741
112 33
112 409
112 758
112 5
113 137
113 35
113 761
113 841
114 498
114 85
114 614
114 630
115 245
115 774
115 354
115 417
116 804
116 716
116 728
116 947
117 275
117 815
117 239
117 939
118 131
118 307
118 670
118 393
119 964
119 482
119 33
119 879
120 422
120 909
120 406
120 209
121 403
121 600
121 593
121 40
122 545
122 683
122 749
122 177
123 108
123 455
123 153
123 483
124 7
124 220
124 954
124 557
125 981
125 298
125 923
125 773
126 14
126 421
126 290
126 628
127 489
127 898
127 338
127 29
128 598
128 109
128 747
128 220
129 390
129 189
129 918
129 252
130 836
130 338
130 650
130 265
131 293
131 148
131 315
131 464
132 444
132 976
132 935
132 126
133 726
133 693
133 975
133 76
134 938
134 393
134 739
134 911
135 143
135 703
135 299
135 344
136 390
136 552
136 265
136 63
137 379
137 94
137 371
137 920
138 818
138 309
138 929
138 956
139 458
139 509
139 96
139 630
140 953
140 969
140 983
140 969
141 745
141 234
141 842
141 149
142 382
142 69
142 732
142 540
143 128
143 67
143 816
143 714
144 834
144 895
144 89
144 185
145 850
145 401
145 734
145 974
146 960
146 501
146 560
146 383
147 316
147 848
147 853
147 242
148 248
148 413
148 890
148 575
149 490
149 441
149 902
149 348
150 391
150 353
150 92
150 44
151 809
151 904
151 172
151 570
152 368
152 27
152 55
152 338
153 196
153 80
153 675
153 862
154 885
154 182
154 134
154 13
155 304
155 916
155 415
155 364
156 851
156 161
156 688
156 12
157 564
157 884
157 543
157 398
158 372
158 315
158 77
158 405
159 527
159 751
159 449
159 350
160 483
160 580
160 101
160 411
161 619
161 750
161 276
161 287
162 183
162 558
162 358
162 441
163 780
163 385
163 818
163 608
164 830
164 737
164 16
164 595
165 565
165 765
165 581
165 546
166 942
166 591
166 441
166 123
167 481
167 468
167 253
167 252
168 708
168 240
168 272
168 927
169 770
169 52
169 560
169 70
170 685
170 443
170 682
170 611
171 300
171 3
171 511
171 944
172 686
172 226
172 732
172 57
173 946
173 978
173 958
173 802
174 481
174 519
174 685
174 119
175 110
175 811
175 671
175 144
176 919
176 285
176 799
176 70
177 645
177 38
177 942
177 143
178 738
178 771
178 667
178 421
179 990
179 288
179 475
179 934
180 945
180 988
180 260
180 699
181 138
181 602
181 233
181 796
182 2
182 632
182 108
182 770
183 239
183 260
183 764
183 413
184 42
184 633
184 775
184 2
185 121
185 894
185 257
185 687
186 287
186 415
186 286
186 823
187 578
187 261
187 824
187 158
188 655
188 908
188 192
188 268
189 193
189 683
189 968
189 120
190 316
190 1
190 461
190 890
191 729
191 871
191 840
191 266
192 524
192 53
192 788
192 773
193 426
193 375
193 599
193 240
194 267
194 596
194 430
194 127
195 935
195 350
195 332
195 792
196 652
196 475
196 515
196 30
197 908
197 175
197 373
197 157
198 840
198 529
198 881
198 847
199 736
199 194
199 661
199 780
200 926
201 924
201 30
201 367
201 915
202 885
202 549
202 112
202 521
203 827
203 959
203 405
203 398
204 586
204 767
204 425
204 679
205 178
205 327
205 233
205 477
206 655
206 492
206 268
206 130
207 799
207 946
207 427
207 605
208 781
208 276
208 27
208 281
209 458
209 887
209 932
209 106
210 640
210 587
210 172
210 456
211 230
211 459
211 38
211 379
212 499
212 780
212 166
212 745
213 947
213 636
213 849
213 354
214 92
214 561
214 990
214 250
215 388
215 849
215 210
215 924
216 514
216 956
216 177
216 823
217 423
217 446
217 337
217 602
218 846
218 950
218 253
218 33
219 121
219 209
219 436
219 160
220 654
220 795
220 775
220 267
221 651
221 636
221 749
221 281
222 271
222 277
222 19
222 763
223 965
223 830
223 87
223 836
224 991
224 160
224 6
224 955
225 761
225 813
225 966
225 832
226 42
226 421
226 970
226 473
227 559
227 588
227 592
227 422
228 102
228 901
228 658
228 849
229 455
229 329
229 203
229 64
230 952
230 563
230 817
230 932
231 234
231 796
231 140
231 627
232 262
232 563
232 257
232 699
233 948
233 707
233 560
233 587
234 390
234 491
234 950
234 50
235 164
235 927
235 614
235 36
236 235
236 574
236 53
236 646
237 278
237 216
237 695
237 32
238 442
238 941
238 771
238 284
239 173
239 806
239 75
239 495
240 177
240 910
240 746
240 788
241 594
241 988
241 944
241 180
242 88
242 226
242 409
242 514
243 963
243 740
243 864
243 680
244 259
244 816
244 4
244 303
245 772
245 614
245 654
245 887
246 494
246 672
246 146
246 578
247 424
247 99
247 795
247 386
248 353
248 426
248 844
248 64
249 865
249 587
249 618
249 800
250 15
250 201
250 324
250 176
251 794
251 6
251 596
251 768
252 538
252 676
252 922
252 360
253 451
253 78
253 612
253 84
254 660
254 222
254 154
254 555
255 962
255 380
255 936
255 819
256 913
256 818
256 700
256 778
257 118
257 363
257 996
257 522
258 257
258 985
258 838
258 19
259 97
259 903
259 473
259 950
260 806
260 538
260 550
260 630
261 220
261 50
261 867
261 242
262 473
262 719
262 639
262 385
263 507
263 506
263 43
263 598
264 541
264 88
264 878
264 782
265 136
265 649
265 295
265 163
266 811
266 338
266 932
266 64
267 902
267 339
267 741
267 297
268 246
268 901
268 604
268 494
269 862
269 493
269 40
269 761
270 686
270 147
270 778
270 253
271 155
271 31
271 548
271 452
272 841
272 515
272 340
272 978
273 483
273 227
273 954
273 736
274 370
274 847
274 712
274 808
275 917
275 665
275 971
275 19
276 628
276 662
276 960
276 556
277 9
277 66
277 820
277 724
278 555
278 137
278 553
278 333
279 139
279 797
279 762
279 401
280 544
280 717
280 859
280 356
281 445
281 497
281 496
281 96
282 898
282 378
282 324
282 576
283 144
283 343
283 782
283 582
284 984
284 848
284 442
284 62
285 591
285 256
285 554
285 599
286 243
286 232
286 640
286 417
287 385
287 601
287 548
287 833
288 369
288 712
288 940
288 966
289 863
289 970
289 344
289 723
290 95
290 22
290 21
290 243
291 412
291 124
291 992
291 846
292 303
292 886
292 204
292 910
293 851
293 179
293 508
293 74
294 64
294 284
294 892
294 708
295 40
295 849
295 881
295 488
296 824
296 153
296 379
296 892
297 88
297 268
297 796
297 702
298 512
298 249
298 285
298 36
299 608
299 494
299 762
299 710
300 617
301 314
301 441
301 180
301 267
302 437
302 224
302 411
302 561
303 593
303 48
303 674
303 439
304 953
304 958
304 791
304 976
305 694
305 557
305 490
305 764
306 712
306 780
306 244
306 709
307 283
307 982
307 90
307 779
308 604
308 226
308 584
308 179
309 897
309 922
309 68
309 151
310 103
310 55
310 205
310 739
311 691
311 905
311 795
311 23
312 488
312 704
312 618
312 451
313 200
313 700
313 112
313 173
314 991
314 948
314 357
314 137
315 663
315 130
315 364
315 666
316 115
316 867
316 109
316 382
317 982
317 199
317 776
317 152
318 264
318 517
318 206
318 8
319 89
319 504
319 471
319 376
320 420
320 635
320 246
320 95
321 246
321 697
321 805
321 569
322 459
322 996
322 397
322 233
323 160
323 723
323 197
323 812
324 61
324 669
324 877
324 633
325 266
325 899
325 378
325 753
326 880
326 555
326 871
326 640
327 814
327 113
327 365
327 100
328 189
328 43
328 798
328 284
329 166
329 965
329 831
329 455
330 311
330 802
330 613
330 58
331 879
331 923
331 553
331 796
332 110
332 105
332 339
332 437
333 585
333 593
333 523
333 946
334 594
334 558
334 3
334 473
335 876
335 750
335 660
335 474
336 906
336 220
336 765
336 194
337 80
337 407
337 405
337 631
338 996
338 752
338 875
338 964
339 786
339 265
339 690
339 574
340 375
340 214
340 453
340 468
341 39
341 747
341 511
341 585
342 856
342 395
342 676
342 536
343 387
343 950
343 259
343 203
344 586
344 114
344 971
344 814
345 529
345 992
345 343
345 506
346 137
346 92
346 854
346 138
347 829
347 226
347 93
347 911
348 70
348 904
348 174
348 781
349 528
349 289
349 584
349 222
350 106
350 680
350 941
350 112
351 983
351 754
351 570
351 802
352 883
352 43
352 723
352 842
353 259
353 640
353 995
353 808
354 777
354 545
354 322
354 601
355 903
355 657
355 909
355 185
356 599
356 553
356 958
356 633
357 487
357 43
357 18
357 848
358 99
358 460
358 1000
358 382
359 661
359 726
359 684
359 678
360 389
360 443
360 238
360 676
361 420
361 746
361 65
361 653
362 718
362 967
362 581
362 16
363 223
363 195
363 334
363 715
364 850
364 468
364 700
364 331
365 861
365 228
365 421
365 595
366 645
366 581
366 349
366 250
367 401
367 521
367 71
367 438
368 737
368 428
368 545
368 122
369 637
369 715
369 698
369 349
370 897
370 44
370 57
370 42
371 799
371 134
371 896
371 133
372 657
372 19
372 54
372 529
373 671
373 920
373 474
373 11
374 493
374 29
374 771
374 629
375 644
375 356
375 161
375 984
376 962
376 809
376 272
376 153
377 21
377 470
377 652
377 466
378 336
378 744
378 131
378 221
379 210
379 792
379 948
379 211
380 971
380 706
380 296
380 404
381 719
381 934
381 608
381 263
382 169
382 454
382 93
382 631
383 612
383 257
383 981
383 447
384 594
384 885
384 662
384 150
385 821
385 972
385 143
385 513
386 803
386 760
386 123
386 376
387 339
387 1
387 264
387 150
388 660
388 925
388 807
388 763
389 384
389 796
389 996
389 977
390 510
390 317
390 426
390 607
391 368
391 881
391 441
391 405
392 31
392 282
392 139
392 402
393 758
393 52
393 256
393 744
394 18
394 704
394 299
394 784
395 32
395 61
395 461
395 589
396 90
396 99
396 401
396 979
397 343
397 584
397 593
397 304
398 362
398 233
398 715
398 457
399 504
399 444
399 916
399 785
400 686
401 192
401 363
401 295
401 600
402 30
402 397
402 873
402 581
403 927
403 464
403 951
403 730
404 470
404 303
404 791
404 876
405 149
405 154
405 919
405 98
406 409
406 317
406 521
406 894
407 192
407 112
407 161
407 631
408 216
408 749
408 169
408 131
409 757
409 54
409 600
409 349
410 555
410 702
410 705
410 335
411 739
411 841
411 146
411 898
412 652
412 995
412 355
412 423
413 38
413 343
413 246
413 223
414 787
414 140
414 281
414 782
415 682
415 516
415 751
415 332
416 922
416 964
416 940
416 5
417 330
417 436
417 480
417 606
418 908
418 957
418 978
418 304
419 503
419 632
419 970
419 120
420 981
420 866
420 915
420 808
421 298
421 109
421 594
421 138
422 57
422 706
422 566
422 817
423 454
423 361
423 212
423 825
424 355
424 336
424 354
424 169
425 156
425 838
425 878
425 772
426 25
426 60
426 67
426 894
427 747
427 18
427 326
427 344
428 124
428 815
428 515
428 446
429 375
429 395
429 391
429 576
430 740
430 268
430 158
430 239
431 740
431 549
431 632
431 697
432 968
432 309
432 682
432 740
433 1
433 160
433 705
433 844
434 694
434 816
434 280
434 817
435 398
435 714
435 580
435 637
436 172
436 66
436 420
436 189
437 846
437 445
437 844
437 371
438 230
438 933
438 289
438 641
439 752
439 398
439 962
439 671
440 658
440 998
440 873
440 990
441 391
441 801
441 791
441 171
442 569
442 616
442 998
442 603
443 163
443 159
443 718
443 143
444 729
444 231
444 297
444 957
445 511
445 973
445 687
445 83
446 512
446 169
446 72
446 828
447 813
447 24
447 588
447 889
448 732
448 860
448 385
448 55
449 192
449 399
449 903
449 893
450 687
450 485
450 40
450 18
451 156
451 207
451 414
451 825
452 722
452 66
452 734
452 802
453 656
453 437
453 787
453 666
454 926
454 120
454 500
454 808
455 615
455 130
455 508
455 808
456 670
456 223
456 400
456 281
457 902
457 62
457 967
457 835
458 407
458 785
458 29
458 365
459 937
459 855
459 113
459 145
460 448
460 168
460 466
460 153
461 634
461 898
461 414
461 665
462 924
462 949
462 758
462 384
463 928
463 861
463 704
463 479
464 615
464 311
464 906
464 534
465 43
465 320
465 629
465 727
466 196
466 411
466 68
466 72
467 434
467 793
467 540
467 559
468 869
468 210
468 922
468 519
469 113
469 462
469 592
469 808
470 137
470 171
470 339
470 588
471 933
471 359
471 887
471 625
472 196
472 233
472 456
472 194
473 888
473 32
473 502
473 309
474 337
474 396
474 6
474 607
475 291
475 879
475 58
475 534
476 170
476 586
476 608
476 878
477 985
477 910
477 710
477 41
478 848
478 445
478 550
478 970
479 725
479 294
479 547
479 321
480 185
480 422
480 612
480 162
481 125
481 421
481 946
481 949
482 386
482 201
482 92
482 521
483 305
483 66
483 612
483 816
484 468
484 784
484 89
484 425
485 642
485 525
485 633
485 76
486 679
486 441
486 132
486 573
487 986
487 807
487 146
487 433
488 163
488 181
488 374
488 380
489 980
489 205
489 794
489 258
490 157
490 451
490 609
490 164
491 273
491 396
491 215
491 656
492 843
492 669
492 973
492 946
493 802
493 353
493 543
493 653
494 235
494 54
494 492
494 634
495 464
495 718
495 484
495 801
496 629
496 33
496 515
496 538
497 813
497 610
497 528
497 541
498 193
498 943
498 460
498 556
499 722
499 213
499 294
499 983
500 696
501 744
501 701
501 114
501 769
502 877
502 140
502 34
502 97
503 222
503 410
503 728
503 97
504 871
504 179
504 118
504 643
505 279
505 281
505 500
505 586
506 594
506 31
506 656
506 655
507 2
507 674
507 786
507 269
508 771
508 869
508 18
508 809
509 301
509 249
509 370
509 208
510 50
510 954
510 487
510 531
511 676
511 117
511 109
511 834
512 868
512 639
512 671
512 929
513 160
513 709
513 301
513 879
514 886
514 643
514 925
514 314
515 447
515 986
515 467
515 322
516 851
516 969
516 310
516 913
517 722
517 172
517 344
517 607
518 22
518 274
518 219
518 984
519 599
519 771
519 763
519 672
520 810
520 292
520 500
520 100
521 932
521 624
521 349
521 353
522 45
522 176
522 203
522 87
523 21
523 903
523 428
523 325
524 401
524 818
524 559
524 744
525 270
525 556
525 96
525 413
526 570
526 423
526 487
526 830
527 793
527 400
527 499
527 171
528 121
528 750
528 969
528 159
529 410
529 876
529 385
529 539
530 29
530 485
530 980
530 496
531 699
531 900
531 595
531 637
532 794
532 239
532 127
532 527
533 852
533 637
533 768
533 805
534 443
534 761
534 76
534 900
535 855
535 977
535 239
535 202
536 121
536 331
536 380
536 892
537 544
537 387
537 245
537 763
538 451
538 473
538 918
538 249
539 461
539 680
539 624
539 931
540 627
540 548
540 653
540 379
541 500
541 810
541 85
541 366
542 125
542 802
542 756
542 259
543 633
543 151
543 735
543 111
544 484
544 595
544 581
544 115
545 242
545 473
545 550
545 976
546 590
546 732
546 975
546 235
547 777
547 625
547 252
547 989
548 619
548 466
548 297
548 572
549 741
549 612
549 158
549 704
550 369
550 45
550 436
550 361
551 587
551 384
551 134
551 785
552 805
552 659
552 324
552 155
553 238
553 420
553 229
553 867
554 777
554 222
554 7
554 474
555 442
555 395
555 67
555 862
556 774
556 493
556 772
556 366
557 751
557 490
557 733
557 372
558 48
558 901
558 788
558 117
559 565
559 787
559 343
559 37
560 577
560 427
560 154
560 666
561 362
561 148
561 250
561 998
562 152
562 37
562 643
562 870
563 141
563 997
563 297
563 277
564 863
564 371
564 647
564 308
565 124
565 497
565 932
565 971
566 650
566 58
566 24
566 724
567 358
567 248
567 630
567 627
568 346
568 279
568 918
568 403
569 537
569 895
569 910
569 93
570 358
570 820
570 642
570 71
571 281
571 352
571 489
571 287
572 892
572 729
572 879
572 425
573 474
573 359
573 824
573 224
574 316
574 734
574 282
574 885
575 527
575 513
575 890
575 510
576 764
576 985
576 782
576 800
577 283
577 588
577 842
577 667
578 312
578 839
578 985
578 691
579 899
579 212
579 674
579 977
580 987
580 891
580 140
580 467
581 465
581 363
581 157
581 463
582 908
582 484
582 449
582 596
583 470
583 331
583 845
583 620
584 793
584 257
584 351
584 469
585 856
585 504
585 888
585 92
586 392
586 496
586 925
586 252
587 883
587 921
587 468
587 948
588 245
588 759
588 734
588 671
589 20
589 105
589 691
589 493
590 549
590 333
590 78
590 523
591 126
591 368
591 440
591 860
592 220
592 501
592 532
592 116
593 891
593 905
593 72
593 334
594 396
594 769
594 614
594 5
595 647
595 491
595 578
595 668
596 496
596 352
596 388
596 402
597 374
597 179
597 734
597 446
598 5
598 516
598 471
598 202
599 921
599 156
599 491
599 429
600 598
601 976
601 138
601 109
601 692
602 208
602 202
602 138
602 254
603 528
603 23
603 560
603 35
604 855
604 500
604 476
604 488
605 503
605 291
605 595
605 904
606 636
606 130
606 400
606 421
607 364
607 917
607 636
607 618
608 418
608 48
608 57
608 915
609 916
609 608
609 575
609 342
610 270
610 8
610 620
610 605
611 46
611 430
611 45
611 639
612 824
612 332
612 728
612 283
613 119
613 68
613 826
613 136
614 983
614 218
614 605
614 574
615 487
615 135
615 849
615 439
616 481
616 713
616 81
616 988
617 374
617 112
617 912
617 305
618 771
618 864
618 584
618 242
619 270
619 366
619 628
619 915
620 987
620 798
620 118
620 745
621 575
621 592
621 548
621 529
622 851
622 242
622 499
622 664
623 805
623 473
623 981
623 13
624 592
624 199
624 799
624 913
625 400
625 319
625 382
625 756
626 135
626 432
626 229
626 380
627 16
627 392
627 626
627 803
628 985
628 281
628 183
628 301
629 686
629 330
629 320
629 603
630 422
630 118
630 145
630 891
631 833
631 96
631 786
631 256
632 480
632 30
632 442
632 460
633 648
633 855
633 487
633 311
634 258
634 467
634 48
634 935
635 908
635 445
635 604
635 45
636 10
636 882
636 850
636 191
637 382
637 545
637 161
637 968
638 759
638 566
638 42
638 355
639 844
639 399
639 132
639 543
640 294
640 264
640 58
640 757
641 916
641 248
641 629
641 10
642 843
642 736
642 528
642 971
643 510
643 159
643 490
643 833
644 221
644 572
644 7
644 27
645 93
645 873
645 974
645 228
646 524
646 18
646 789
646 595
647 95
647 345
647 806
647 379
648 404
648 101
648 129
648 952
649 217
649 227
649 219
649 447
650 408
650 979
650 77
650 818
651 775
651 63
651 663
651 840
652 479
652 788
652 921
652 789
653 466
653 741
653 253
653 710
654 503
654 351
654 753
654 484
655 664
655 389
655 616
655 160
656 23
656 766
656 745
656 306
657 217
657 913
657 124
657 662
658 335
658 375
658 772
658 813
659 602
659 491
659 88
659 670
660 572
660 602
660 275
660 950
661 499
661 45
661 852
661 697
662 73
662 396
662 924
662 645
663 978
663 327
663 944
663 643
664 70
664 762
664 89
664 25
665 360
665 119
665 270
665 685
666 753
666 857
666 279
666 19
667 892
667 516
667 261
667 514
668 879
668 756
668 69
668 479
669 222
669 148
669 256
669 252
670 950
670 997
670 189
670 491
671 588
671 883
671 210
671 612
672 444
672 895
672 331
672 815
673 826
673 834
673 448
673 658
674 310
674 789
674 896
674 738
675 257
675 677
675 588
675 1000
676 259
676 603
676 764
676 35
677 526
677 955
677 439
677 761
678 147
678 185
678 956
678 223
679 36
679 798
679 204
679 704
680 587
680 827
680 532
680 856
681 166
681 814
681 118
681 87
682 639
682 243
682 546
682 87
683 737
683 296
683 53
683 962
684 561
684 914
684 541
684 483
685 166
685 59
685 807
685 75
686 585
686 157
686 333
686 444
687 343
687 162
687 858
687 949
688 255
688 439
688 816
688 69
689 126
689 915
689 479
689 32
690 329
690 302
690 632
690 574
691 910
691 13
691 502
691 754
692 992
692 780
692 930
692 760
693 313
693 71
693 881
693 72
694 110
694 467
694 811
694 239
695 834
695 197
695 134
695 939
696 436
696 337
696 211
696 193
697 716
697 831
697 731
697 369
698 130
698 154
698 486
698 125
699 975
699 570
699 166
699 532
700 429
701 332
701 901
701 72
701 866
702 709
702 724
702 843
702 235
703 636
703 826
703 553
703 971
704 576
704 383
704 397
704 353
705 432
705 688
705 831
705 231
706 821
706 255
706 728
706 960
707 323
707 285
707 359
707 360
708 506
708 972
708 295
708 174
709 164
709 872
709 298
709 232
710 760
710 959
710 796
710 756
711 819
711 687
711 377
711 593
712 430
712 934
712 252
712 123
713 289
713 306
713 4
713 1000
714 668
714 990
714 208
714 181
715 491
715 305
715 347
715 271
716 460
716 820
716 268
716 741
717 911
717 770
717 571
717 405
718 198
718 820
718 720
718 26
719 54
719 856
719 610
719 754
720 591
720 752
720 374
720 999
721 249
721 968
721 463
721 363
722 465
722 900
722 197
722 580
723 305
723 134
723 920
723 517
724 715
724 192
724 260
724 679
725 685
725 317
725 69
725 438
726 139
726 237
726 151
726 578
727 541
727 30
727 486
727 506
728 654
728 779
728 924
728 468
729 457
729 904
729 841
729 180
730 67
730 51
730 505
730 110
731 620
731 238
731 198
731 82
732 773
732 123
732 255
732 346
733 897
733 415
733 434
733 356
734 702
734 569
734 300
734 492
735 209
735 357
735 988
735 263
736 36
736 995
736 424
736 914
737 667
737 104
737 414
737 928
738 26
738 348
738 937
738 86
739 725
739 269
739 251
739 21
740 921
740 99
740 851
740 479
741 82
741 576
741 744
741 127
742 138
742 210
742 787
742 373
743 721
743 450
743 800
743 701
744 114
744 507
744 751
744 877
745 874
745 400
745 498
745 634
746 262
746 648
746 904
746 331
747 366
747 17
747 131
747 242
748 576
748 833
748 652
748 5
749 291
749 31
749 702
749 490
750 563
750 246
750 828
750 102
751 151
751 229
751 645
751 520
752 79
752 632
752 414
752 449
753 991
753 85
753 103
753 979
754 905
754 851
754 586
754 600
755 665
755 712
755 748
755 895
756 301
756 224
756 165
756 228
757 417
757 41
757 347
757 537
758 200
758 456
758 438
758 175
759 756
759 146
759 174
759 610
760 655
760 638
760 785
760 155
761 544
761 568
761 573
761 82
762 937
762 631
762 543
762 916
763 668
763 171
763 167
763 280
764 809
764 91
764 283
764 442
765 184
765 588
765 66
765 795
766 88
766 472
766 582
766 62
767 527
767 770
767 84
767 957
768 28
768 39
768 939
768 45
769 572
769 23
769 180
769 17
770 886
770 847
770 263
770 800
771 257
771 287
771 373
771 698
772 120
772 395
772 84
772 192
773 328
773 346
773 867
773 418
774 649
774 555
774 107
774 991
775 213
775 611
775 505
775 877
776 883
776 818
776 887
776 373
777 941
777 667
777 635
777 191
778 896
778 3
778 435
778 682
779 961
779 218
779 808
779 142
780 399
780 912
780 544
780 812
781 571
781 862
781 689
781 278
782 422
782 602
782 822
782 578
783 988
783 63
783 357
783 979
784 559
784 692
784 860
784 37
785 343
785 287
785 412
785 124
786 446
786 480
786 324
786 467
787 679
787 187
787 825
787 665
788 237
788 291
788 317
788 955
789 478
789 278
789 900
789 754
790 35
790 830
790 241
790 286
791 952
791 472
791 439
791 749
792 348
792 59
792 27
792 828
793 569
793 574
793 427
793 835
794 381
794 965
794 376
794 897
795 601
795 10
795 16
795 420
796 763
796 322
796 652
796 764
797 117
797 719
797 227
797 528
798 105
798 306
798 34
798 334
799 229
799 476
799 412
799 571
800 102
801 525
801 312
801 809
801 108
802 431
802 407
802 463
802 731
803 41
803 752
803 63
803 708
804 159
804 244
804 755
804 198
805 35
805 144
805 796
805 841
806 282
806 582
806 552
806 824
807 839
807 911
807 170
807 284
808 975
808 215
808 510
808 731
809 153
809 297
809 195
809 56
810 425
810 219
810 999
810 341
811 271
811 67
811 598
811 660
812 840
812 75
812 911
812 758
813 843
813 566
813 794
813 364
814 573
814 455
814 513
814 768
815 863
815 290
815 233
815 87
816 24
816 818
816 696
816 561
817 684
817 207
817 649
817 711
818 740
818 678
818 992
818 414
819 801
819 28
819 363
819 362
820 66
820 16
820 95
820 447
821 103
821 61
821 212
821 546
822 648
822 961
822 97
822 830
823 945
823 309
823 536
823 6
824 841
824 58
824 508
824 850
825 564
825 68
825 440
825 516
826 397
826 391
826 948
826 716
827 626
827 54
827 425
827 226
828 988
828 554
828 638
828 299
829 328
829 8
829 647
829 404
830 684
830 944
830 145
830 722
831 937
831 314
831 529
831 27
832 557
832 380
832 744
832 863
833 577
833 589
833 689
833 412
834 146
834 360
834 195
834 271
835 304
835 823
835 105
835 83
836 268
836 209
836 87
836 325
837 437
837 813
837 983
837 493
838 625
838 389
838 183
838 810
839 668
839 311
839 392
839 213
840 340
840 177
840 383
840 989
841 107
841 972
841 673
841 726
842 328
842 450
842 171
842 128
843 398
843 945
843 226
843 182
844 263
844 205
844 562
844 516
845 90
845 874
845 993
845 428
846 74
846 88
846 429
846 392
847 855
847 800
847 591
847 315
848 885
848 649
848 276
848 100
849 259
849 949
849 337
849 392
850 741
850 530
850 115
850 986
851 542
851 391
851 160
851 569
852 307
852 81
852 455
852 338
853 955
853 469
853 355
853 972
854 258
854 835
854 714
854 60
855 885
855 628
855 73
855 785
856 539
856 308
856 579
856 811
857 482
857 452
857 574
857 902
858 979
858 866
858 29
858 579
859 205
859 71
859 449
859 174
860 367
860 41
860 678
860 168
861 325
861 878
861 802
861 449
862 434
862 340
862 604
862 410
863 864
863 263
863 299
863 308
864 237
864 502
864 940
864 727
865 457
865 572
865 839
865 606
866 641
866 91
866 11
866 81
867 689
867 358
867 116
867 932
868 202
868 693
868 265
868 166
869 431
869 996
869 516
869 749
870 854
870 755
870 627
870 617
871 969
871 699
871 990
871 668
872 335
872 524
872 75
872 690
873 408
873 659
873 152
873 467
874 484
874 245
874 270
874 597
875 56
875 956
875 531
875 16
876 388
876 446
876 806
876 136
877 423
877 370
877 36
877 791
878 776
878 168
878 741
878 494
879 609
879 265
879 267
879 428
880 895
880 249
880 784
880 819
881 769
881 188
881 947
881 731
882 673
882 606
882 746
882 501
883 464
883 951
883 561
883 150
884 404
884 521
884 227
884 188
885 798
885 288
885 189
885 164
886 410
886 476
886 536
886 96
887 486
887 890
887 814
887 340
888 294
888 524
888 896
888 95
889 512
889 12
889 223
889 576
890 872
890 34
890 845
890 992
891 410
891 534
891 201
891 15
892 219
892 881
892 406
892 190
893 361
893 258
893 593
893 676
894 167
894 908
894 564
894 28
895 624
895 134
895 405
895 469
896 345
896 277
896 148
896 996
897 291
897 803
897 236
897 312
898 156
898 994
898 397
898 993
899 621
899 512
899 318
899 587
900 607
901 812
901 192
901 435
901 347
902 373
902 839
902 973
902 732
903 592
903 111
903 126
903 573
904 723
904 858
904 654
904 535
905 313
905 789
905 524
905 69
906 65
906 690
906 685
906 563
907 755
907 497
907 253
907 147
908 767
908 919
908 466
908 238
909 710
909 133
909 322
909 843
910 191
910 301
910 537
910 718
911 930
911 426
911 655
911 431
912 695
912 624
912 428
912 966
913 459
913 947
913 844
913 884
914 433
914 626
914 400
914 318
915 416
915 61
915 705
915 475
916 768
916 885
916 507
916 20
917 16
917 594
917 667
917 270
918 434
918 793
918 193
918 976
919 778
919 829
919 750
919 659
920 20
920 240
920 497
920 589
921 767
921 202
921 135
921 443
922 917
922 878
922 683
922 661
923 395
923 675
923 448
923 145
924 835
924 340
924 170
924 530
925 623
925 499
925 562
925 940
926 40
926 605
926 242
926 400
927 708
927 893
927 874
927 531
928 657
928 613
928 936
928 470
929 779
929 126
929 46
929 518
930 278
930 212
930 450
930 285
931 8
931 533
931 1
931 265
932 236
932 884
932 660
932 695
933 397
933 351
933 504
933 244
934 430
934 926
934 913
934 356
935 64
935 519
935 729
935 78
936 94
936 699
936 564
936 631
937 364
937 241
937 35
937 371
938 295
938 915
938 646
938 762
939 130
939 67
939 736
939 205
940 776
940 279
940 561
940 394
941 980
941 191
941 308
941 465
942 123
942 284
942 607
942 583
943 287
943 648
943 452
943 279
944 828
944 852
944 251
944 735
945 944
945 108
945 737
945 287
946 349
946 944
946 578
946 489
947 619
947 666
947 427
947 594
948 943
948 656
948 827
948 889
949 286
949 495
949 402
949 854
950 517
950 689
950 290
950 482
951 99
951 475
951 789
951 777
952 963
952 336
952 120
952 329
953 522
953 20
953 854
953 614
954 991
954 417
954 372
954 63
955 463
955 970
955 432
955 341
956 762
956 377
956 663
956 394
957 496
957 507
957 907
957 619
958 713
958 617
958 333
958 758
959 978
959 828
959 583
959 44
960 736
960 419
960 817
960 531
961 283
961 513
961 663
961 354
962 603
962 82
962 684
962 535
963 339
963 863
963 547
963 291
964 940
964 565
964 318
964 721
965 962
965 535
965 604
965 597
966 621
966 298
966 667
966 926
967 340
967 729
967 546
967 349
968 672
968 989
968 792
968 510
969 289
969 251
969 948
969 176
970 370
970 316
970 590
970 377
971 196
971 485
971 311
971 430
972 829
972 432
972 727
972 693
973 159
973 366
973 930
973 213
974 830
974 5
974 523
974 841
975 936
975 357
975 863
975 117
976 980
976 882
976 453
976 845
977 484
977 563
977 425
977 573
978 327
978 503
978 336
978 530
979 929
979 347
979 182
979 547
980 688
980 208
980 238
980 829
981 75
981 634
981 782
981 582
982 185
982 637
982 784
982 538
983 709
983 176
983 615
983 230
984 639
984 300
984 306
984 41
985 495
985 347
985 872
985 778
986 221
986 261
986 4
986 577
987 103
987 255
987 274
987 129
988 822
988 428
988 903
988 507
989 921
989 163
989 368
989 836
990 806
990 826
990 319
990 693
991 474
991 153
991 560
991 82
992 589
992 317
992 24
992 300
993 914
993 764
993 855
993 345
994 913
994 742
994 565
994 661
995 871
995 566
995 959
995 558
996 566
996 893
996 450
996 554
997 917
997 396
997 80
997 103
998 121
998 309
998 222
998 977
999 541
999 302
999 754
999 730
1000 337
