100_381
1 48
1 62
1 3
1 16
2 1
2 100
2 95
2 88
3 66
3 67
3 95
3 85
4 55
4 92
4 44
4 8
5 29
5 15
5 95
5 87
6 73
6 4
6 30
6 79
7 70
7 61
7 63
7 61
8 51
8 24
8 70
8 45
9 80
9 23
9 12
9 92
10 67
11 8
11 29
11 87
11 46
12 22
12 48
12 36
12 48
13 90
13 46
13 91
13 53
14 50
14 88
14 59
14 26
15 54
15 97
15 3
15 67
16 38
16 84
16 38
16 65
17 77
17 49
17 37
17 95
18 50
18 27
18 60
18 16
19 67
19 89
19 29
19 10
20 27
21 82
21 28
21 65
21 80
22 60
22 63
22 79
22 12
23 56
23 64
23 44
23 89
24 93
24 8
24 32
24 57
25 66
25 82
25 27
25 78
26 19
26 55
26 6
26 56
27 39
27 55
27 76
27 58
28 73
28 31
28 62
28 93
29 20
29 75
29 25
29 70
30 63
31 72
31 56
31 4
31 66
32 16
32 29
32 48
32 13
33 82
33 86
33 6
33 39
34 98
34 96
34 22
34 26
35 40
35 4
35 18
35 2
36 32
36 58
36 45
36 15
37 15
37 45
37 34
37 43
38 10
38 34
38 23
38 90
39 99
39 6
39 89
39 94
40 5
41 26
41 40
41 79
41 76
42 45
42 5
42 48
42 9
43 7
43 40
43 41
43 69
44 43
44 21
44 11
44 33
45 37
45 83
45 98
45 14
46 80
46 81
46 51
46 54
47 83
47 81
47 1
47 65
48 47
48 8
48 47
48 90
49 30
49 37
49 36
49 34
50 1
51 88
51 13
51 79
51 3
52 84
52 30
52 29
52 63
53 69
53 5
53 99
53 32
54 49
54 47
54 26
54 59
55 79
55 25
55 4
55 82
56 68
56 51
56 34
56 76
57 78
57 38
57 7
57 20
58 57
58 33
58 96
58 21
59 71
59 11
59 68
59 63
60 39
61 11
61 80
61 33
61 10
62 21
62 10
62 75
62 42
63 47
63 52
63 15
63 79
64 33
64 54
64 71
64 68
65 15
65 66
65 39
65 92
66 17
66 64
66 18
66 58
67 63
67 28
67 17
67 87
68 94
68 77
68 5
68 75
69 17
69 58
69 50
69 97
70 40
71 70
71 16
71 24
71 66
72 64
72 68
72 83
72 53
73 11
73 43
73 49
73 97
74 75
74 62
74 26
74 22
75 38
75 90
75 49
75 7
76 37
76 67
76 42
76 100
77 88
77 41
77 51
77 19
78 55
78 35
78 68
78 48
79 12
79 49
79 18
79 84
80 12
81 66
81 25
81 52
81 9
82 70
82 47
82 51
82 24
83 9
83 37
83 84
83 71
84 22
84 27
84 25
84 17
85 96
85 91
85 59
85 6
86 7
86 18
86 69
86 100
87 32
87 30
87 99
87 35
88 13
88 65
88 57
88 51
89 48
89 83
89 65
89 62
90 89
91 7
91 49
91 97
91 34
92 21
92 96
92 81
92 44
93 78
93 45
93 8
93 48
94 98
94 69
94 71
94 82
95 78
95 14
95 19
95 11
96 85
96 97
96 85
96 39
97 44
97 92
97 38
97 95
98 65
98 64
98 90
98 68
99 97
99 2
99 29
99 27
100 80
