1000_4002
1 522
1 417
1 802
1 235
2 163
2 5
2 212
2 618
3 543
3 532
3 734
3 292
4 826
4 251
4 615
4 812
5 880
5 313
5 368
5 299
6 918
6 972
6 881
6 439
7 743
7 159
7 841
7 739
8 694
8 534
8 738
8 814
9 928
9 757
9 102
9 243
10 928
10 432
10 909
10 690
11 141
11 438
11 679
11 451
12 573
12 318
12 346
12 365
13 791
13 117
13 20
13 629
14 677
14 36
14 430
14 61
15 758
15 687
15 799
15 364
16 365
16 453
16 176
16 729
17 758
17 563
17 305
17 237
18 116
18 649
18 325
18 32
19 920
19 528
19 533
19 747
20 564
20 575
20 71
20 716
21 139
21 786
21 581
21 153
22 903
22 619
22 561
22 340
23 341
23 749
23 303
23 966
24 189
24 874
24 655
24 861
25 150
25 827
25 785
25 867
26 833
26 378
26 746
26 131
27 317
27 136
27 688
27 48
28 686
28 773
28 474
28 507
29 443
29 950
29 48
29 106
30 58
30 678
30 870
30 135
31 222
31 437
31 94
31 836
32 69
32 312
32 545
32 400
33 136
33 477
33 998
33 294
34 512
34 776
34 685
34 881
35 571
35 846
35 918
35 712
36 44
36 343
36 653
36 894
37 1
37 764
37 801
37 615
38 779
38 896
38 334
38 940
39 805
39 256
39 813
39 702
40 976
40 834
40 911
40 326
41 838
41 825
41 447
41 819
42 2
42 680
42 548
42 553
43 865
43 654
43 968
43 703
44 345
44 52
44 530
44 965
45 736
45 938
45 132
45 923
46 471
46 673
46 379
46 829
47 356
47 335
47 661
47 398
48 955
48 229
48 336
48 584
49 372
49 927
49 535
49 967
50 797
50 328
50 129
50 151
51 486
51 896
51 821
51 459
52 288
52 330
52 576
52 521
53 415
53 440
53 339
53 908
54 110
54 768
54 209
54 309
55 938
55 479
55 618
55 236
56 426
56 150
56 601
56 996
57 652
57 310
57 800
57 748
58 993
58 975
58 464
58 565
59 56
59 367
59 650
59 295
60 93
60 26
60 155
60 421
61 147
61 598
61 183
61 386
62 495
62 499
62 127
62 995
63 771
63 723
63 676
63 516
64 609
64 512
64 658
64 804
65 597
65 662
65 784
65 231
66 705
66 140
66 505
66 177
67 59
67 570
67 223
67 504
68 367
68 83
68 788
68 727
69 248
69 646
69 637
69 10
70 710
70 547
70 767
70 715
71 101
71 552
71 907
71 692
72 118
72 733
72 724
72 385
73 228
73 83
73 200
73 530
74 323
74 435
74 981
74 593
75 196
75 425
75 303
75 429
76 832
76 562
76 538
76 859
77 922
77 316
77 329
77 331
78 578
78 25
78 743
78 181
79 876
79 262
79 370
79 628
80 601
80 104
80 720
80 251
81 82
81 148
81 717
81 457
82 246
82 450
82 818
82 430
83 21
83 190
83 815
83 497
84 67
84 392
84 26
84 122
85 970
85 99
85 267
85 98
86 503
86 384
86 624
86 59
87 24
87 355
87 515
87 643
88 142
88 163
88 924
88 701
89 873
89 283
89 875
89 914
90 279
90 681
90 752
90 488
91 315
91 469
91 425
91 123
92 264
92 535
92 810
92 201
93 480
93 697
93 476
93 924
94 884
94 382
94 254
94 377
95 770
95 454
95 905
95 220
96 2
96 890
96 503
96 554
97 363
97 372
97 617
97 654
98 114
98 931
98 390
98 980
99 472
99 636
99 369
99 358
100 533
100 834
100 914
100 937
101 255
101 597
101 744
101 777
102 993
102 54
102 1000
102 394
103 823
103 982
103 891
103 167
104 702
104 384
104 84
104 664
105 389
105 593
105 436
105 67
106 219
106 545
106 165
106 669
107 111
107 730
107 659
107 319
108 944
108 455
108 258
108 33
109 242
109 671
109 877
109 65
110 137
110 855
110 511
110 606
111 929
111 88
111 845
111 875
112 19
112 185
112 657
112 446
113 279
113 781
113 222
113 494
114 991
114 521
114 882
114 904
115 808
115 40
115 824
115 416
116 833
116 154
116 336
116 648
117 876
117 298
117 495
117 225
118 400
118 422
118 97
118 276
119 505
119 38
119 850
119 458
120 456
120 753
120 762
120 808
121 463
121 445
121 926
121 709
122 388
122 27
122 190
122 327
123 166
123 23
123 405
123 399
124 679
124 451
124 645
124 278
125 772
125 693
125 872
125 830
126 111
126 943
126 935
126 418
127 81
127 730
127 169
127 448
128 486
128 697
128 41
128 893
129 750
129 731
129 556
129 628
130 539
130 895
130 755
130 442
131 683
131 87
131 889
131 644
132 968
132 763
132 78
132 96
133 631
133 616
133 782
133 677
134 186
134 939
134 201
134 216
135 332
135 396
135 586
135 892
136 506
136 794
136 108
136 344
137 696
137 674
137 114
137 741
138 642
138 72
138 466
138 520
139 496
139 113
139 312
139 96
140 244
140 409
140 529
140 543
141 428
141 939
141 700
141 774
142 731
142 580
142 422
142 238
143 983
143 852
143 420
143 142
144 915
144 726
144 623
144 442
145 614
145 773
145 507
145 79
146 514
146 182
146 261
146 536
147 952
147 340
147 50
147 625
148 699
148 257
148 899
148 146
149 245
149 579
149 961
149 435
150 311
150 795
150 413
150 102
151 447
151 509
151 493
151 989
152 126
152 860
152 392
152 522
153 99
153 351
153 911
153 812
154 112
154 411
154 635
154 913
155 966
155 538
155 427
155 256
156 295
156 119
156 790
156 419
157 433
157 498
157 282
157 23
158 289
158 625
158 300
158 210
159 539
159 871
159 438
159 270
160 354
160 899
160 385
160 569
161 690
161 133
161 19
161 199
162 174
162 657
162 894
162 272
163 756
163 526
163 213
163 501
164 724
164 566
164 28
164 913
165 227
165 374
165 184
165 767
166 18
166 863
166 380
166 174
167 955
167 468
167 603
167 72
168 366
168 180
168 437
168 103
169 360
169 707
169 103
169 631
170 680
170 252
170 901
170 711
171 778
171 287
171 527
171 880
172 651
172 797
172 678
172 954
173 957
173 555
173 634
173 283
174 418
174 640
174 369
174 578
175 408
175 4
175 348
175 21
176 424
176 665
176 66
176 907
177 588
177 109
177 917
177 12
178 474
178 366
178 221
178 173
179 40
179 551
179 542
179 342
180 182
180 590
180 749
180 308
181 359
181 270
181 912
181 65
182 842
182 143
182 627
182 701
183 809
183 554
183 556
183 589
184 877
184 195
184 496
184 929
185 650
185 47
185 38
185 534
186 337
186 499
186 293
186 416
187 541
187 360
187 483
187 281
188 253
188 647
188 646
188 638
189 31
189 544
189 343
189 706
190 819
190 202
190 783
190 194
191 991
191 524
191 563
191 624
192 324
192 518
192 401
192 277
193 494
193 452
193 831
193 682
194 855
194 61
194 356
194 220
195 217
195 519
195 191
195 186
196 694
196 155
196 462
196 996
197 986
197 184
197 827
197 302
198 553
198 358
198 623
198 363
199 441
199 776
199 289
199 448
200 705
200 347
200 765
200 846
201 806
201 263
201 472
201 809
202 492
202 934
202 910
202 236
203 854
203 527
203 959
203 532
204 883
204 710
204 293
204 583
205 577
205 100
205 787
205 361
206 286
206 92
206 513
206 321
207 461
207 942
207 626
207 411
208 770
208 962
208 688
208 642
209 608
209 450
209 149
209 60
210 244
210 93
210 838
210 316
211 70
211 645
211 329
211 64
212 565
212 760
212 658
212 633
213 969
213 107
213 973
213 614
214 672
214 27
214 713
214 391
215 282
215 878
215 357
215 235
216 871
216 684
216 561
216 215
217 169
217 327
217 502
217 290
218 537
218 404
218 248
218 432
219 639
219 768
219 473
219 783
220 630
220 333
220 482
220 143
221 956
221 847
221 796
221 653
222 828
222 230
222 478
222 567
223 856
223 613
223 586
223 720
224 906
224 611
224 421
224 410
225 266
225 864
225 959
225 651
226 157
226 309
226 687
226 359
227 742
227 598
227 271
227 607
228 782
228 810
228 24
228 76
229 841
229 361
229 756
229 663
230 487
230 930
230 49
230 213
231 754
231 66
231 255
231 234
232 722
232 68
232 258
232 592
233 1000
233 951
233 582
233 36
234 377
234 200
234 771
234 414
235 386
235 164
235 288
235 338
236 306
236 145
236 868
236 746
237 580
237 233
237 224
237 1
238 429
238 675
238 585
238 291
239 709
239 662
239 232
239 916
240 700
240 53
240 648
240 835
241 275
241 180
241 740
241 607
242 407
242 285
242 152
242 811
243 7
243 608
243 423
243 504
244 878
244 961
244 17
244 704
245 815
245 362
245 973
245 551
246 769
246 191
246 198
246 627
247 129
247 803
247 481
247 168
248 15
248 240
248 90
248 227
249 188
249 167
249 489
249 755
250 837
250 557
250 406
250 9
251 852
251 212
251 672
251 395
252 962
252 286
252 13
252 669
253 660
253 982
253 381
253 232
254 989
254 81
254 920
254 107
255 364
255 185
255 849
255 616
256 412
256 537
256 123
256 160
257 820
257 879
257 830
257 887
258 449
258 277
258 523
258 193
259 230
259 983
259 932
259 994
260 632
260 77
260 284
260 858
261 656
261 741
261 974
261 91
262 997
262 526
262 159
262 977
263 666
263 844
263 604
263 269
264 531
264 851
264 798
264 162
265 978
265 639
265 95
265 465
266 807
266 216
266 135
266 721
267 193
267 637
267 994
267 62
268 371
268 947
268 728
268 119
269 910
269 516
269 922
269 972
270 484
270 857
270 77
270 274
271 898
271 402
271 133
271 883
272 584
272 998
272 689
272 963
273 684
273 927
273 632
273 462
274 550
274 110
274 937
274 915
275 324
275 807
275 233
275 781
276 322
276 173
276 626
276 144
277 987
277 431
277 960
277 761
278 257
278 949
278 130
278 901
279 754
279 585
279 594
279 50
280 979
280 802
280 573
280 738
281 509
281 76
281 121
281 820
282 16
282 885
282 611
282 506
283 849
283 461
283 786
283 314
284 796
284 766
284 992
284 999
285 884
285 97
285 245
285 725
286 338
286 73
286 208
286 487
287 132
287 79
287 944
287 226
288 444
288 818
288 740
288 25
289 292
289 6
289 990
289 571
290 665
290 965
290 823
290 352
291 249
291 131
291 130
291 105
292 345
292 752
292 542
292 440
293 426
293 508
293 582
293 30
294 589
294 17
294 158
294 30
295 603
295 53
295 751
295 268
296 22
296 151
296 612
296 502
297 92
297 368
297 759
297 941
298 722
298 843
298 960
298 698
299 476
299 550
299 985
299 396
300 891
300 714
300 55
300 380
301 919
301 610
301 575
301 941
302 267
302 903
302 708
302 467
303 234
303 249
303 11
303 656
304 464
304 813
304 158
304 454
305 218
305 733
305 587
305 605
306 195
306 274
306 583
306 824
307 405
307 204
307 272
307 183
308 404
308 946
308 483
308 260
309 170
309 984
309 428
309 22
310 459
310 868
310 787
310 898
311 544
311 390
311 480
311 873
312 403
312 967
312 951
312 874
313 622
313 803
313 511
313 652
314 663
314 387
314 978
314 546
315 125
315 196
315 412
315 933
316 57
316 18
316 612
316 840
317 310
317 676
317 638
317 670
318 517
318 375
318 843
318 414
319 44
319 52
319 71
319 923
320 43
320 5
320 271
320 562
321 157
321 732
321 860
321 60
322 518
322 980
322 794
322 707
323 765
323 882
323 9
323 916
324 921
324 485
324 10
324 719
325 806
325 792
325 992
325 170
326 732
326 540
326 14
326 943
327 51
327 58
327 326
327 816
328 253
328 89
328 997
328 784
329 493
329 284
329 895
329 101
330 945
330 948
330 548
330 711
331 775
331 675
331 780
331 919
332 930
332 224
332 549
332 298
333 988
333 172
333 260
333 524
334 197
334 863
334 223
334 599
335 75
335 568
335 203
335 37
336 460
336 735
336 39
336 350
337 558
337 417
337 342
337 528
338 775
338 839
338 570
338 16
339 549
339 888
339 335
339 935
340 117
340 261
340 591
340 415
341 867
341 490
341 353
341 439
342 471
342 958
342 307
342 837
343 714
343 736
343 674
343 301
344 691
344 259
344 865
344 912
345 519
345 762
345 643
345 47
346 391
346 243
346 826
346 864
347 488
347 725
347 452
347 712
348 906
348 686
348 947
348 540
349 410
349 671
349 963
349 29
350 708
350 470
350 354
350 621
351 942
351 693
351 525
351 188
352 56
352 43
352 602
352 917
353 8
353 122
353 87
353 321
354 3
354 805
354 175
354 141
355 139
355 931
355 893
355 276
356 560
356 54
356 179
356 698
357 753
357 194
357 247
357 668
358 799
358 69
358 94
358 39
359 529
359 649
359 634
359 744
360 574
360 192
360 177
360 798
361 990
361 515
361 926
361 171
362 35
362 568
362 458
362 82
363 322
363 98
363 317
363 629
364 166
364 28
364 715
364 594
365 330
365 397
365 932
365 745
366 305
366 145
366 667
366 229
367 375
367 921
367 42
367 840
368 281
368 175
368 945
368 246
369 559
369 207
369 981
369 347
370 703
370 297
370 265
370 572
371 717
371 301
371 886
371 373
372 105
372 952
372 210
372 699
373 225
373 552
373 559
373 455
374 862
374 456
374 4
374 215
375 485
375 323
375 600
375 344
376 940
376 620
376 306
376 37
377 124
377 633
377 161
377 475
378 204
378 848
378 508
378 510
379 925
379 268
379 574
379 716
380 889
380 832
380 879
380 90
381 75
381 178
381 100
381 851
382 273
382 273
382 397
382 250
383 355
383 789
383 979
383 498
384 523
384 147
384 581
384 434
385 319
385 332
385 436
385 349
386 280
386 866
386 706
386 95
387 946
387 728
387 620
387 804
388 287
388 160
388 764
388 73
389 320
389 735
389 431
389 162
390 187
390 772
390 862
390 850
391 817
391 829
391 413
391 146
392 619
392 909
392 140
392 208
393 856
393 29
393 45
393 42
394 726
394 45
394 374
394 318
395 825
395 296
395 55
395 606
396 811
396 388
396 760
396 362
397 453
397 635
397 3
397 596
398 209
398 492
398 304
398 890
399 977
399 536
399 790
399 595
400 723
400 231
400 423
400 844
401 491
401 600
401 795
401 872
402 468
402 161
402 401
402 104
403 936
403 381
403 331
403 228
404 587
404 588
404 84
404 621
405 308
405 683
405 821
405 46
406 517
406 604
406 420
406 33
407 250
407 113
407 460
407 389
408 120
408 888
408 88
408 748
409 666
409 242
409 514
409 729
410 842
410 121
410 116
410 836
411 398
411 239
411 479
411 576
412 395
412 974
412 46
412 109
413 558
413 816
413 252
413 444
414 379
414 320
414 346
414 897
415 778
415 774
415 424
415 153
416 168
416 62
416 78
416 622
417 294
417 599
417 985
417 617
418 394
418 203
418 214
418 334
419 406
419 278
419 734
419 70
420 822
420 904
420 870
420 376
421 339
421 958
421 572
421 207
422 124
422 673
422 259
422 373
423 86
423 419
423 695
423 383
424 382
424 176
424 953
424 902
425 443
425 171
425 659
425 378
426 490
426 546
426 297
426 759
427 197
427 859
427 300
427 68
428 751
428 984
428 750
428 866
429 371
429 557
429 13
429 766
430 602
430 839
430 902
430 217
431 89
431 719
431 501
431 986
432 886
432 949
432 446
432 352
433 971
433 434
433 987
433 178
434 337
434 237
434 265
434 325
435 780
435 156
435 692
435 964
436 11
436 181
436 970
436 791
437 57
437 644
437 134
437 892
438 489
438 34
438 296
438 613
439 757
439 402
439 737
439 80
440 108
440 263
440 187
440 206
441 264
441 510
441 198
441 641
442 383
442 247
442 478
442 828
443 547
443 610
443 128
443 376
444 221
444 218
444 138
444 742
445 718
445 211
445 202
445 569
446 976
446 172
446 291
446 696
447 314
447 933
447 7
447 80
448 399
448 763
448 370
448 975
449 137
449 630
449 900
449 115
450 41
450 596
450 845
450 313
451 349
451 953
451 541
451 240
452 189
452 165
452 152
452 214
453 636
453 793
453 739
453 106
454 8
454 433
454 348
454 299
455 467
455 465
455 817
455 457
456 995
456 63
456 31
456 789
457 14
457 848
457 15
457 605
458 408
458 238
458 689
458 814
459 853
459 350
459 936
459 482
460 647
460 219
460 957
460 315
461 134
461 747
461 254
461 403
462 869
462 333
462 988
462 427
463 785
463 85
463 682
463 470
464 144
464 737
464 491
464 664
465 670
465 835
465 407
465 885
466 211
466 609
466 304
466 577
467 520
467 199
467 115
467 792
468 51
468 351
468 85
468 34
469 138
469 63
469 721
469 266
470 280
470 311
470 269
470 822
471 847
471 948
471 691
471 302
472 999
472 685
472 513
472 934
473 769
473 956
473 275
473 681
474 660
474 262
474 727
474 718
475 704
475 125
475 192
475 91
476 12
476 869
476 964
476 525
477 567
477 393
477 205
477 74
478 32
478 164
478 905
478 226
479 853
479 445
479 858
479 449
480 887
480 179
480 592
480 655
481 500
481 148
481 49
481 831
482 800
482 126
482 566
482 667
483 969
483 801
483 500
483 971
484 241
484 661
484 469
484 35
485 357
485 777
485 387
485 473
486 925
486 127
486 20
486 466
487 854
487 441
487 640
487 241
488 205
488 475
488 120
488 154
489 118
489 531
489 590
489 950
490 793
490 285
490 857
490 779
491 463
491 74
491 555
491 861
492 908
492 745
492 560
492 713
493 112
493 307
493 591
493 497
494 6
494 290
494 579
494 409
495 595
495 328
495 484
495 128
496 954
496 149
496 761
496 788
497 156
497 481
497 695
497 641
498 206
498 64
498 393
498 477
499 668
499 86
499 564
499 341
500 239
500 353
500 897
500 900
501 1
501 1
501 1
501 1
502 1
502 1
502 1
502 1
503 1
503 1
503 1
503 1
504 1
504 1
504 1
504 1
505 1
505 1
505 1
505 1
506 1
506 1
506 1
506 1
507 1
507 1
507 1
507 1
508 1
508 1
508 1
508 1
509 1
509 1
509 1
509 1
510 1
510 1
510 1
510 1
511 1
511 1
511 1
511 1
512 1
512 1
512 1
512 1
513 1
513 1
513 1
513 1
514 1
514 1
514 1
514 1
515 1
515 1
515 1
515 1
516 1
516 1
516 1
516 1
517 1
517 1
517 1
517 1
518 1
518 1
518 1
518 1
519 1
519 1
519 1
519 1
520 1
520 1
520 1
520 1
521 1
521 1
521 1
521 1
522 1
522 1
522 1
522 1
523 1
523 1
523 1
523 1
524 1
524 1
524 1
524 1
525 1
525 1
525 1
525 1
526 1
526 1
526 1
526 1
527 1
527 1
527 1
527 1
528 1
528 1
528 1
528 1
529 1
529 1
529 1
529 1
530 1
530 1
530 1
530 1
531 1
531 1
531 1
531 1
532 1
532 1
532 1
532 1
533 1
533 1
533 1
533 1
534 1
534 1
534 1
534 1
535 1
535 1
535 1
535 1
536 1
536 1
536 1
536 1
537 1
537 1
537 1
537 1
538 1
538 1
538 1
538 1
539 1
539 1
539 1
539 1
540 1
540 1
540 1
540 1
541 1
541 1
541 1
541 1
542 1
542 1
542 1
542 1
543 1
543 1
543 1
543 1
544 1
544 1
544 1
544 1
545 1
545 1
545 1
545 1
546 1
546 1
546 1
546 1
547 1
547 1
547 1
547 1
548 1
548 1
548 1
548 1
549 1
549 1
549 1
549 1
550 1
550 1
550 1
550 1
551 1
551 1
551 1
551 1
552 1
552 1
552 1
552 1
553 1
553 1
553 1
553 1
554 1
554 1
554 1
554 1
555 1
555 1
555 1
555 1
556 1
556 1
556 1
556 1
557 1
557 1
557 1
557 1
558 1
558 1
558 1
558 1
559 1
559 1
559 1
559 1
560 1
560 1
560 1
560 1
561 1
561 1
561 1
561 1
562 1
562 1
562 1
562 1
563 1
563 1
563 1
563 1
564 1
564 1
564 1
564 1
565 1
565 1
565 1
565 1
566 1
566 1
566 1
566 1
567 1
567 1
567 1
567 1
568 1
568 1
568 1
568 1
569 1
569 1
569 1
569 1
570 1
570 1
570 1
570 1
571 1
571 1
571 1
571 1
572 1
572 1
572 1
572 1
573 1
573 1
573 1
573 1
574 1
574 1
574 1
574 1
575 1
575 1
575 1
575 1
576 1
576 1
576 1
576 1
577 1
577 1
577 1
577 1
578 1
578 1
578 1
578 1
579 1
579 1
579 1
579 1
580 1
580 1
580 1
580 1
581 1
581 1
581 1
581 1
582 1
582 1
582 1
582 1
583 1
583 1
583 1
583 1
584 1
584 1
584 1
584 1
585 1
585 1
585 1
585 1
586 1
586 1
586 1
586 1
587 1
587 1
587 1
587 1
588 1
588 1
588 1
588 1
589 1
589 1
589 1
589 1
590 1
590 1
590 1
590 1
591 1
591 1
591 1
591 1
592 1
592 1
592 1
592 1
593 1
593 1
593 1
593 1
594 1
594 1
594 1
594 1
595 1
595 1
595 1
595 1
596 1
596 1
596 1
596 1
597 1
597 1
597 1
597 1
598 1
598 1
598 1
598 1
599 1
599 1
599 1
599 1
600 1
600 1
600 1
600 1
601 1
601 1
601 1
601 1
602 1
602 1
602 1
602 1
603 1
603 1
603 1
603 1
604 1
604 1
604 1
604 1
605 1
605 1
605 1
605 1
606 1
606 1
606 1
606 1
607 1
607 1
607 1
607 1
608 1
608 1
608 1
608 1
609 1
609 1
609 1
609 1
610 1
610 1
610 1
610 1
611 1
611 1
611 1
611 1
612 1
612 1
612 1
612 1
613 1
613 1
613 1
613 1
614 1
614 1
614 1
614 1
615 1
615 1
615 1
615 1
616 1
616 1
616 1
616 1
617 1
617 1
617 1
617 1
618 1
618 1
618 1
618 1
619 1
619 1
619 1
619 1
620 1
620 1
620 1
620 1
621 1
621 1
621 1
621 1
622 1
622 1
622 1
622 1
623 1
623 1
623 1
623 1
624 1
624 1
624 1
624 1
625 1
625 1
625 1
625 1
626 1
626 1
626 1
626 1
627 1
627 1
627 1
627 1
628 1
628 1
628 1
628 1
629 1
629 1
629 1
629 1
630 1
630 1
630 1
630 1
631 1
631 1
631 1
631 1
632 1
632 1
632 1
632 1
633 1
633 1
633 1
633 1
634 1
634 1
634 1
634 1
635 1
635 1
635 1
635 1
636 1
636 1
636 1
636 1
637 1
637 1
637 1
637 1
638 1
638 1
638 1
638 1
639 1
639 1
639 1
639 1
640 1
640 1
640 1
640 1
641 1
641 1
641 1
641 1
642 1
642 1
642 1
642 1
643 1
643 1
643 1
643 1
644 1
644 1
644 1
644 1
645 1
645 1
645 1
645 1
646 1
646 1
646 1
646 1
647 1
647 1
647 1
647 1
648 1
648 1
648 1
648 1
649 1
649 1
649 1
649 1
650 1
650 1
650 1
650 1
651 1
651 1
651 1
651 1
652 1
652 1
652 1
652 1
653 1
653 1
653 1
653 1
654 1
654 1
654 1
654 1
655 1
655 1
655 1
655 1
656 1
656 1
656 1
656 1
657 1
657 1
657 1
657 1
658 1
658 1
658 1
658 1
659 1
659 1
659 1
659 1
660 1
660 1
660 1
660 1
661 1
661 1
661 1
661 1
662 1
662 1
662 1
662 1
663 1
663 1
663 1
663 1
664 1
664 1
664 1
664 1
665 1
665 1
665 1
665 1
666 1
666 1
666 1
666 1
667 1
667 1
667 1
667 1
668 1
668 1
668 1
668 1
669 1
669 1
669 1
669 1
670 1
670 1
670 1
670 1
671 1
671 1
671 1
671 1
672 1
672 1
672 1
672 1
673 1
673 1
673 1
673 1
674 1
674 1
674 1
674 1
675 1
675 1
675 1
675 1
676 1
676 1
676 1
676 1
677 1
677 1
677 1
677 1
678 1
678 1
678 1
678 1
679 1
679 1
679 1
679 1
680 1
680 1
680 1
680 1
681 1
681 1
681 1
681 1
682 1
682 1
682 1
682 1
683 1
683 1
683 1
683 1
684 1
684 1
684 1
684 1
685 1
685 1
685 1
685 1
686 1
686 1
686 1
686 1
687 1
687 1
687 1
687 1
688 1
688 1
688 1
688 1
689 1
689 1
689 1
689 1
690 1
690 1
690 1
690 1
691 1
691 1
691 1
691 1
692 1
692 1
692 1
692 1
693 1
693 1
693 1
693 1
694 1
694 1
694 1
694 1
695 1
695 1
695 1
695 1
696 1
696 1
696 1
696 1
697 1
697 1
697 1
697 1
698 1
698 1
698 1
698 1
699 1
699 1
699 1
699 1
700 1
700 1
700 1
700 1
701 1
701 1
701 1
701 1
702 1
702 1
702 1
702 1
703 1
703 1
703 1
703 1
704 1
704 1
704 1
704 1
705 1
705 1
705 1
705 1
706 1
706 1
706 1
706 1
707 1
707 1
707 1
707 1
708 1
708 1
708 1
708 1
709 1
709 1
709 1
709 1
710 1
710 1
710 1
710 1
711 1
711 1
711 1
711 1
712 1
712 1
712 1
712 1
713 1
713 1
713 1
713 1
714 1
714 1
714 1
714 1
715 1
715 1
715 1
715 1
716 1
716 1
716 1
716 1
717 1
717 1
717 1
717 1
718 1
718 1
718 1
718 1
719 1
719 1
719 1
719 1
720 1
720 1
720 1
720 1
721 1
721 1
721 1
721 1
722 1
722 1
722 1
722 1
723 1
723 1
723 1
723 1
724 1
724 1
724 1
724 1
725 1
725 1
725 1
725 1
726 1
726 1
726 1
726 1
727 1
727 1
727 1
727 1
728 1
728 1
728 1
728 1
729 1
729 1
729 1
729 1
730 1
730 1
730 1
730 1
731 1
731 1
731 1
731 1
732 1
732 1
732 1
732 1
733 1
733 1
733 1
733 1
734 1
734 1
734 1
734 1
735 1
735 1
735 1
735 1
736 1
736 1
736 1
736 1
737 1
737 1
737 1
737 1
738 1
738 1
738 1
738 1
739 1
739 1
739 1
739 1
740 1
740 1
740 1
740 1
741 1
741 1
741 1
741 1
742 1
742 1
742 1
742 1
743 1
743 1
743 1
743 1
744 1
744 1
744 1
744 1
745 1
745 1
745 1
745 1
746 1
746 1
746 1
746 1
747 1
747 1
747 1
747 1
748 1
748 1
748 1
748 1
749 1
749 1
749 1
749 1
750 1
750 1
750 1
750 1
751 1
751 1
751 1
751 1
752 1
752 1
752 1
752 1
753 1
753 1
753 1
753 1
754 1
754 1
754 1
754 1
755 1
755 1
755 1
755 1
756 1
756 1
756 1
756 1
757 1
757 1
757 1
757 1
758 1
758 1
758 1
758 1
759 1
759 1
759 1
759 1
760 1
760 1
760 1
760 1
761 1
761 1
761 1
761 1
762 1
762 1
762 1
762 1
763 1
763 1
763 1
763 1
764 1
764 1
764 1
764 1
765 1
765 1
765 1
765 1
766 1
766 1
766 1
766 1
767 1
767 1
767 1
767 1
768 1
768 1
768 1
768 1
769 1
769 1
769 1
769 1
770 1
770 1
770 1
770 1
771 1
771 1
771 1
771 1
772 1
772 1
772 1
772 1
773 1
773 1
773 1
773 1
774 1
774 1
774 1
774 1
775 1
775 1
775 1
775 1
776 1
776 1
776 1
776 1
777 1
777 1
777 1
777 1
778 1
778 1
778 1
778 1
779 1
779 1
779 1
779 1
780 1
780 1
780 1
780 1
781 1
781 1
781 1
781 1
782 1
782 1
782 1
782 1
783 1
783 1
783 1
783 1
784 1
784 1
784 1
784 1
785 1
785 1
785 1
785 1
786 1
786 1
786 1
786 1
787 1
787 1
787 1
787 1
788 1
788 1
788 1
788 1
789 1
789 1
789 1
789 1
790 1
790 1
790 1
790 1
791 1
791 1
791 1
791 1
792 1
792 1
792 1
792 1
793 1
793 1
793 1
793 1
794 1
794 1
794 1
794 1
795 1
795 1
795 1
795 1
796 1
796 1
796 1
796 1
797 1
797 1
797 1
797 1
798 1
798 1
798 1
798 1
799 1
799 1
799 1
799 1
800 1
800 1
800 1
800 1
801 1
801 1
801 1
801 1
802 1
802 1
802 1
802 1
803 1
803 1
803 1
803 1
804 1
804 1
804 1
804 1
805 1
805 1
805 1
805 1
806 1
806 1
806 1
806 1
807 1
807 1
807 1
807 1
808 1
808 1
808 1
808 1
809 1
809 1
809 1
809 1
810 1
810 1
810 1
810 1
811 1
811 1
811 1
811 1
812 1
812 1
812 1
812 1
813 1
813 1
813 1
813 1
814 1
814 1
814 1
814 1
815 1
815 1
815 1
815 1
816 1
816 1
816 1
816 1
817 1
817 1
817 1
817 1
818 1
818 1
818 1
818 1
819 1
819 1
819 1
819 1
820 1
820 1
820 1
820 1
821 1
821 1
821 1
821 1
822 1
822 1
822 1
822 1
823 1
823 1
823 1
823 1
824 1
824 1
824 1
824 1
825 1
825 1
825 1
825 1
826 1
826 1
826 1
826 1
827 1
827 1
827 1
827 1
828 1
828 1
828 1
828 1
829 1
829 1
829 1
829 1
830 1
830 1
830 1
830 1
831 1
831 1
831 1
831 1
832 1
832 1
832 1
832 1
833 1
833 1
833 1
833 1
834 1
834 1
834 1
834 1
835 1
835 1
835 1
835 1
836 1
836 1
836 1
836 1
837 1
837 1
837 1
837 1
838 1
838 1
838 1
838 1
839 1
839 1
839 1
839 1
840 1
840 1
840 1
840 1
841 1
841 1
841 1
841 1
842 1
842 1
842 1
842 1
843 1
843 1
843 1
843 1
844 1
844 1
844 1
844 1
845 1
845 1
845 1
845 1
846 1
846 1
846 1
846 1
847 1
847 1
847 1
847 1
848 1
848 1
848 1
848 1
849 1
849 1
849 1
849 1
850 1
850 1
850 1
850 1
851 1
851 1
851 1
851 1
852 1
852 1
852 1
852 1
853 1
853 1
853 1
853 1
854 1
854 1
854 1
854 1
855 1
855 1
855 1
855 1
856 1
856 1
856 1
856 1
857 1
857 1
857 1
857 1
858 1
858 1
858 1
858 1
859 1
859 1
859 1
859 1
860 1
860 1
860 1
860 1
861 1
861 1
861 1
861 1
862 1
862 1
862 1
862 1
863 1
863 1
863 1
863 1
864 1
864 1
864 1
864 1
865 1
865 1
865 1
865 1
866 1
866 1
866 1
866 1
867 1
867 1
867 1
867 1
868 1
868 1
868 1
868 1
869 1
869 1
869 1
869 1
870 1
870 1
870 1
870 1
871 1
871 1
871 1
871 1
872 1
872 1
872 1
872 1
873 1
873 1
873 1
873 1
874 1
874 1
874 1
874 1
875 1
875 1
875 1
875 1
876 1
876 1
876 1
876 1
877 1
877 1
877 1
877 1
878 1
878 1
878 1
878 1
879 1
879 1
879 1
879 1
880 1
880 1
880 1
880 1
881 1
881 1
881 1
881 1
882 1
882 1
882 1
882 1
883 1
883 1
883 1
883 1
884 1
884 1
884 1
884 1
885 1
885 1
885 1
885 1
886 1
886 1
886 1
886 1
887 1
887 1
887 1
887 1
888 1
888 1
888 1
888 1
889 1
889 1
889 1
889 1
890 1
890 1
890 1
890 1
891 1
891 1
891 1
891 1
892 1
892 1
892 1
892 1
893 1
893 1
893 1
893 1
894 1
894 1
894 1
894 1
895 1
895 1
895 1
895 1
896 1
896 1
896 1
896 1
897 1
897 1
897 1
897 1
898 1
898 1
898 1
898 1
899 1
899 1
899 1
899 1
900 1
900 1
900 1
900 1
901 1
901 1
901 1
901 1
902 1
902 1
902 1
902 1
903 1
903 1
903 1
903 1
904 1
904 1
904 1
904 1
905 1
905 1
905 1
905 1
906 1
906 1
906 1
906 1
907 1
907 1
907 1
907 1
908 1
908 1
908 1
908 1
909 1
909 1
909 1
909 1
910 1
910 1
910 1
910 1
911 1
911 1
911 1
911 1
912 1
912 1
912 1
912 1
913 1
913 1
913 1
913 1
914 1
914 1
914 1
914 1
915 1
915 1
915 1
915 1
916 1
916 1
916 1
916 1
917 1
917 1
917 1
917 1
918 1
918 1
918 1
918 1
919 1
919 1
919 1
919 1
920 1
920 1
920 1
920 1
921 1
921 1
921 1
921 1
922 1
922 1
922 1
922 1
923 1
923 1
923 1
923 1
924 1
924 1
924 1
924 1
925 1
925 1
925 1
925 1
926 1
926 1
926 1
926 1
927 1
927 1
927 1
927 1
928 1
928 1
928 1
928 1
929 1
929 1
929 1
929 1
930 1
930 1
930 1
930 1
931 1
931 1
931 1
931 1
932 1
932 1
932 1
932 1
933 1
933 1
933 1
933 1
934 1
934 1
934 1
934 1
935 1
935 1
935 1
935 1
936 1
936 1
936 1
936 1
937 1
937 1
937 1
937 1
938 1
938 1
938 1
938 1
939 1
939 1
939 1
939 1
940 1
940 1
940 1
940 1
941 1
941 1
941 1
941 1
942 1
942 1
942 1
942 1
943 1
943 1
943 1
943 1
944 1
944 1
944 1
944 1
945 1
945 1
945 1
945 1
946 1
946 1
946 1
946 1
947 1
947 1
947 1
947 1
948 1
948 1
948 1
948 1
949 1
949 1
949 1
949 1
950 1
950 1
950 1
950 1
951 1
951 1
951 1
951 1
952 1
952 1
952 1
952 1
953 1
953 1
953 1
953 1
954 1
954 1
954 1
954 1
955 1
955 1
955 1
955 1
956 1
956 1
956 1
956 1
957 1
957 1
957 1
957 1
958 1
958 1
958 1
958 1
959 1
959 1
959 1
959 1
960 1
960 1
960 1
960 1
961 1
961 1
961 1
961 1
962 1
962 1
962 1
962 1
963 1
963 1
963 1
963 1
964 1
964 1
964 1
964 1
965 1
965 1
965 1
965 1
966 1
966 1
966 1
966 1
967 1
967 1
967 1
967 1
968 1
968 1
968 1
968 1
969 1
969 1
969 1
969 1
970 1
970 1
970 1
970 1
971 1
971 1
971 1
971 1
972 1
972 1
972 1
972 1
973 1
973 1
973 1
973 1
974 1
974 1
974 1
974 1
975 1
975 1
975 1
975 1
976 1
976 1
976 1
976 1
977 1
977 1
977 1
977 1
978 1
978 1
978 1
978 1
979 1
979 1
979 1
979 1
980 1
980 1
980 1
980 1
981 1
981 1
981 1
981 1
982 1
982 1
982 1
982 1
983 1
983 1
983 1
983 1
984 1
984 1
984 1
984 1
985 1
985 1
985 1
985 1
986 1
986 1
986 1
986 1
987 1
987 1
987 1
987 1
988 1
988 1
988 1
988 1
989 1
989 1
989 1
989 1
990 1
990 1
990 1
990 1
991 1
991 1
991 1
991 1
992 1
992 1
992 1
992 1
993 1
993 1
993 1
993 1
994 1
994 1
994 1
994 1
995 1
995 1
995 1
995 1
996 1
996 1
996 1
996 1
997 1
997 1
997 1
997 1
998 1
998 1
998 1
998 1
999 1
999 1
999 1
999 1
1000 1
1000 1
1000 1
1000 1
