100_381
1 65
1 95
1 53
1 80
2 100
2 99
2 63
2 38
3 37
3 99
3 77
3 53
4 66
4 67
4 11
4 9
5 44
5 59
5 92
5 90
6 90
6 37
6 52
6 78
7 81
7 26
7 27
7 34
8 89
8 16
8 68
8 78
9 15
9 28
9 80
9 43
10 98
10 17
11 98
11 83
11 58
11 5
12 41
12 84
12 8
12 29
13 95
13 82
13 69
13 43
14 87
14 54
14 91
14 8
15 67
15 78
15 18
15 55
16 74
16 96
16 42
16 37
17 85
17 49
17 53
17 87
18 87
18 1
18 25
18 4
19 87
19 66
19 14
19 47
20 61
20 98
21 10
21 60
21 91
21 14
22 20
22 4
22 26
22 21
23 9
23 34
23 73
23 91
24 62
24 38
24 15
24 48
25 62
25 77
25 58
25 21
26 74
26 24
26 81
26 36
27 8
27 41
27 6
27 3
28 48
28 66
28 91
28 12
29 3
29 96
29 92
29 84
30 100
30 56
31 16
31 7
31 51
31 18
32 20
32 69
32 23
32 67
33 75
33 1
33 79
33 23
34 83
34 7
34 47
34 5
35 33
35 24
35 2
35 71
36 61
36 30
36 84
36 53
37 36
37 97
37 10
37 90
38 85
38 39
38 99
38 51
39 98
39 27
39 66
39 28
40 100
40 21
41 82
41 47
41 79
41 50
42 9
42 33
42 94
42 41
43 53
43 40
43 69
43 3
44 30
44 7
44 14
44 69
45 26
45 10
45 5
45 98
46 17
46 95
46 99
46 85
47 55
47 24
47 100
47 60
48 56
48 37
48 81
48 18
49 19
49 52
49 70
49 2
50 54
50 83
51 68
51 50
51 38
51 29
52 51
52 34
52 71
52 16
53 93
53 47
53 14
53 64
54 13
54 22
54 59
54 20
55 57
55 81
55 67
55 89
56 41
56 90
56 75
56 52
57 69
57 3
57 52
57 45
58 50
58 74
58 76
58 68
59 16
59 92
59 3
59 9
60 22
60 91
61 38
61 94
61 40
61 37
62 61
62 93
62 82
62 18
63 93
63 27
63 46
63 15
64 46
64 6
64 63
64 50
65 31
65 37
65 99
65 88
66 100
66 46
66 56
66 93
67 50
67 78
67 81
67 56
68 13
68 82
68 31
68 25
69 20
69 87
69 34
69 10
70 80
70 20
71 88
71 25
71 46
71 23
72 69
72 68
72 79
72 81
73 59
73 19
73 41
73 62
74 30
74 96
74 63
74 89
75 70
75 15
75 35
75 5
76 52
76 36
76 34
76 94
77 26
77 15
77 5
77 54
78 25
78 65
78 96
78 66
79 94
79 97
79 70
79 54
80 9
80 45
81 9
81 31
81 15
81 76
82 67
82 50
82 61
82 80
83 36
83 65
83 90
83 86
84 42
84 51
84 49
84 73
85 89
85 75
85 44
85 49
86 15
86 61
86 28
86 25
87 70
87 76
87 17
87 62
88 40
88 76
88 58
88 55
89 3
89 98
89 36
89 10
90 77
90 74
91 27
91 21
91 42
91 87
92 14
92 64
92 72
92 65
93 59
93 28
93 31
93 45
94 16
94 73
94 52
94 29
95 84
95 11
95 87
95 51
96 77
96 66
96 12
96 47
97 26
97 68
97 25
97 55
98 73
98 44
98 35
98 70
99 78
99 68
99 1
99 68
100 59
100 95
