1000_3971
1 743
1 801
1 525
1 896
2 563
2 887
2 702
2 326
3 721
3 413
3 816
3 614
4 64
4 717
4 264
4 75
5 481
5 92
5 858
5 262
6 1000
6 245
6 126
6 896
7 334
7 235
7 941
7 372
8 372
8 119
8 284
8 957
9 112
9 801
9 610
9 553
10 442
10 617
10 558
10 309
11 213
11 335
11 304
11 392
12 279
12 953
12 834
12 996
13 452
13 148
13 578
13 965
14 513
14 50
14 719
14 998
15 691
15 443
15 718
15 809
16 631
16 937
16 212
16 911
17 906
17 184
17 350
17 13
18 98
18 396
18 808
18 546
19 723
19 451
19 131
19 385
20 656
20 145
20 26
20 583
21 258
21 992
21 828
21 541
22 400
22 982
22 193
22 998
23 163
23 890
23 577
23 792
24 685
24 106
24 556
24 537
25 274
25 528
25 468
25 640
26 137
26 16
26 570
26 728
27 227
27 410
27 784
27 283
28 459
28 361
28 931
28 589
29 161
29 368
29 640
29 30
30 747
30 403
30 53
30 629
31 794
31 129
31 793
31 197
32 945
32 260
32 249
32 460
33 688
33 667
33 61
33 392
34 689
34 506
34 85
34 751
35 406
35 508
35 640
35 386
36 30
36 475
36 857
36 164
37 584
37 131
37 730
37 431
38 654
38 103
38 205
38 771
39 526
39 187
39 562
39 522
40 477
40 39
40 417
40 730
41 375
41 668
41 750
41 1000
42 102
42 16
42 536
42 100
43 691
43 567
43 451
43 397
44 720
44 251
44 794
44 971
45 770
45 83
45 334
45 787
46 870
46 601
46 449
46 326
47 840
47 757
47 795
47 38
48 587
48 310
48 113
48 733
49 835
49 638
49 443
49 795
50 715
50 424
50 318
50 287
51 313
51 476
51 539
51 339
52 290
52 315
52 921
52 563
53 353
53 303
53 258
53 818
54 769
54 176
54 771
54 329
55 555
55 426
55 202
55 313
56 928
56 899
56 778
56 211
57 638
57 366
57 614
57 900
58 538
58 143
58 963
58 371
59 515
59 200
59 133
59 288
60 799
60 45
60 206
60 729
61 297
61 914
61 59
61 449
62 143
62 404
62 536
62 947
63 536
63 551
63 199
63 777
64 937
64 200
64 786
64 484
65 362
65 443
65 344
65 437
66 366
66 68
66 265
66 609
67 692
67 594
67 646
67 953
68 35
68 116
68 582
68 302
69 258
69 857
69 659
69 701
70 23
70 141
70 402
70 368
71 124
71 513
71 288
71 903
72 970
72 215
72 228
72 411
73 112
73 777
73 847
73 285
74 113
74 805
74 365
74 701
75 905
75 28
75 619
75 470
76 451
76 990
76 417
76 607
77 609
77 236
77 199
77 934
78 636
78 29
78 26
78 366
79 569
79 287
79 816
79 518
80 622
80 418
80 927
80 793
81 628
81 35
81 206
81 405
82 306
82 672
82 808
82 247
83 269
83 327
83 957
83 664
84 386
84 683
84 756
84 972
85 454
85 234
85 669
85 527
86 645
86 3
86 13
86 10
87 829
87 422
87 533
87 811
88 738
88 695
88 210
88 724
89 426
89 889
89 497
89 402
90 792
90 19
90 32
90 549
91 68
91 637
91 886
91 24
92 661
92 866
92 394
92 948
93 384
93 522
93 53
93 729
94 425
94 524
94 25
94 183
95 196
95 440
95 517
95 316
96 319
96 780
96 512
96 991
97 351
97 999
97 776
97 628
98 21
98 747
98 634
98 2
99 405
99 197
99 352
99 848
100 270
101 764
101 544
101 105
101 681
102 797
102 123
102 731
102 422
103 95
103 909
103 361
103 573
104 639
104 867
104 869
104 178
105 23
105 867
105 993
105 377
106 783
106 753
106 488
106 357
107 854
107 317
107 339
107 158
108 259
108 282
108 871
108 825
109 836
109 49
109 697
109 117
110 24
110 781
110 44
110 742
111 726
111 618
111 872
111 678
112 128
112 475
112 433
112 817
113 4
113 663
113 782
113 402
114 937
114 555
114 480
114 682
115 415
115 20
115 36
115 4
116 585
116 694
116 462
116 14
117 793
117 450
117 230
117 681
118 455
118 439
118 422
118 731
119 79
119 838
119 377
119 496
120 986
120 89
120 500
120 319
121 675
121 975
121 704
121 898
122 557
122 930
122 351
122 269
123 616
123 842
123 470
123 48
124 340
124 705
124 29
124 15
125 652
125 934
125 712
125 257
126 662
126 876
126 597
126 325
127 308
127 525
127 643
127 964
128 524
128 414
128 238
128 864
129 441
129 878
129 979
129 983
130 119
130 927
130 381
130 765
131 774
131 835
131 607
131 679
132 642
132 434
132 865
132 897
133 797
133 987
133 249
133 225
134 576
134 203
134 665
134 26
135 836
135 8
135 507
135 502
136 637
136 845
136 458
136 639
137 277
137 211
137 96
137 903
138 459
138 529
138 337
138 993
139 358
139 567
139 405
139 785
140 566
140 638
140 985
140 953
141 183
141 677
141 400
141 366
142 560
142 308
142 797
142 727
143 755
143 297
143 14
143 903
144 381
144 916
144 456
144 919
145 330
145 2
145 42
145 538
146 37
146 132
146 337
146 23
147 533
147 281
147 873
147 653
148 11
148 47
148 843
148 302
149 502
149 929
149 174
149 612
150 791
150 225
150 860
150 834
151 65
151 170
151 313
151 321
152 113
152 784
152 831
152 315
153 650
153 2
153 526
153 141
154 261
154 376
154 590
154 932
155 187
155 639
155 20
155 405
156 418
156 391
156 132
156 984
157 709
157 136
157 488
157 82
158 502
158 632
158 627
158 271
159 955
159 122
159 142
159 191
160 97
160 286
160 977
160 758
161 185
161 227
161 645
161 144
162 660
162 784
162 548
162 197
163 380
163 243
163 164
163 12
164 170
164 433
164 512
164 476
165 588
165 779
165 607
165 450
166 993
166 649
166 70
166 430
167 285
167 631
167 730
167 58
168 434
168 377
168 42
168 654
169 772
169 262
169 388
169 775
170 936
170 331
170 992
170 436
171 875
171 411
171 696
171 554
172 886
172 276
172 392
172 720
173 253
173 417
173 986
173 428
174 530
174 556
174 256
174 62
175 873
175 930
175 942
175 944
176 571
176 293
176 240
176 382
177 709
177 507
177 379
177 576
178 508
178 555
178 722
178 22
179 615
179 882
179 11
179 127
180 466
180 923
180 405
180 871
181 690
181 17
181 579
181 710
182 757
182 296
182 798
182 164
183 495
183 974
183 999
183 281
184 910
184 977
184 553
184 576
185 891
185 103
185 535
185 580
186 710
186 317
186 159
186 547
187 61
187 820
187 461
187 473
188 167
188 471
188 374
188 162
189 138
189 814
189 875
189 108
190 330
190 973
190 48
190 489
191 209
191 776
191 495
191 234
192 275
192 975
192 650
192 682
193 169
193 807
193 268
193 989
194 953
194 429
194 337
194 338
195 809
195 817
195 719
195 281
196 634
196 796
196 20
196 373
197 626
197 107
197 708
197 22
198 818
198 993
198 852
198 316
199 547
199 186
199 657
199 149
200 262
201 396
201 403
201 578
201 872
202 53
202 978
202 578
202 291
203 703
203 324
203 100
203 158
204 434
204 716
204 490
204 372
205 281
205 288
205 672
205 274
206 987
206 700
206 433
206 716
207 380
207 211
207 84
207 565
208 273
208 583
208 731
208 579
209 167
209 503
209 828
209 149
210 411
210 588
210 359
210 434
211 651
211 797
211 561
211 67
212 600
212 949
212 987
212 89
213 835
213 367
213 575
213 841
214 541
214 205
214 292
214 384
215 469
215 621
215 712
215 481
216 405
216 648
216 323
216 358
217 534
217 764
217 228
217 853
218 71
218 847
218 686
218 221
219 216
219 913
219 305
219 656
220 978
220 503
220 297
220 336
221 373
221 452
221 486
221 803
222 436
222 90
222 127
222 775
223 520
223 713
223 490
223 309
224 223
224 714
224 763
224 319
225 436
225 20
225 304
225 935
226 82
226 497
226 649
226 123
227 889
227 447
227 454
227 624
228 608
228 604
228 328
228 331
229 923
229 686
229 829
229 849
230 594
230 658
230 683
230 376
231 152
231 428
231 93
231 330
232 792
232 932
232 979
232 308
233 202
233 3
233 151
233 302
234 985
234 883
234 814
234 583
235 444
235 740
235 859
235 941
236 989
236 849
236 664
236 487
237 59
237 532
237 387
237 759
238 646
238 273
238 358
238 983
239 567
239 815
239 801
239 96
240 458
240 836
240 478
240 330
241 508
241 188
241 162
241 423
242 59
242 384
242 913
242 48
243 674
243 254
243 385
243 192
244 179
244 188
244 220
244 541
245 911
245 986
245 28
245 665
246 932
246 720
246 949
246 516
247 920
247 274
247 300
247 828
248 686
248 226
248 749
248 895
249 550
249 972
249 341
249 905
250 692
250 469
250 912
250 834
251 984
251 498
251 392
251 803
252 322
252 81
252 125
252 418
253 924
253 955
253 524
253 538
254 343
254 163
254 486
254 356
255 503
255 979
255 176
255 506
256 1
256 382
256 77
256 53
257 369
257 712
257 486
257 43
258 476
258 20
258 466
258 450
259 437
259 166
259 994
259 255
260 815
260 85
260 130
260 354
261 487
261 820
261 762
261 748
262 590
262 253
262 906
262 735
263 632
263 464
263 948
263 644
264 967
264 674
264 928
264 4
265 677
265 897
265 207
265 608
266 789
266 163
266 592
266 896
267 68
267 482
267 862
267 226
268 266
268 518
268 819
268 294
269 254
269 245
269 718
269 554
270 57
270 198
270 739
270 799
271 368
271 461
271 117
271 419
272 997
272 547
272 721
272 833
273 200
273 896
273 93
273 864
274 366
274 207
274 653
274 838
275 254
275 382
275 296
275 289
276 763
276 364
276 945
276 546
277 454
277 61
277 989
277 239
278 289
278 199
278 96
278 37
279 489
279 888
279 43
279 915
280 463
280 438
280 113
280 829
281 228
281 307
281 946
281 973
282 155
282 910
282 889
282 807
283 420
283 82
283 886
283 223
284 923
284 176
284 659
284 833
285 325
285 161
285 431
285 98
286 476
286 263
286 551
286 216
287 294
287 75
287 729
287 372
288 933
288 720
288 686
288 631
289 709
289 531
289 618
289 98
290 22
290 331
290 869
290 352
291 647
291 258
291 499
291 400
292 508
292 761
292 945
292 904
293 870
293 982
293 332
293 866
294 134
294 833
294 880
294 130
295 467
295 722
295 473
295 975
296 83
296 248
296 832
296 520
297 421
297 961
297 71
297 925
298 980
298 583
298 397
298 764
299 703
299 244
299 658
299 125
300 795
301 27
301 616
301 104
301 543
302 829
302 344
302 742
302 904
303 36
303 669
303 221
303 983
304 933
304 233
304 309
304 36
305 853
305 239
305 449
305 654
306 278
306 124
306 409
306 475
307 44
307 412
307 329
307 299
308 237
308 254
308 264
308 948
309 173
309 933
309 907
309 839
310 718
310 118
310 864
310 241
311 766
311 764
311 356
311 332
312 576
312 540
312 849
312 270
313 15
313 75
313 204
313 326
314 51
314 480
314 95
314 826
315 153
315 862
315 819
315 364
316 827
316 91
316 971
316 533
317 261
317 431
317 824
317 163
318 159
318 156
318 599
318 414
319 334
319 122
319 394
319 218
320 989
320 317
320 560
320 980
321 789
321 263
321 807
321 907
322 749
322 850
322 957
322 523
323 853
323 238
323 454
323 500
324 377
324 375
324 280
324 697
325 577
325 911
325 873
325 73
326 406
326 88
326 748
326 627
327 151
327 133
327 466
327 776
328 11
328 710
328 995
328 908
329 304
329 710
329 981
329 331
330 731
330 943
330 592
330 271
331 825
331 370
331 138
331 44
332 857
332 380
332 778
332 237
333 427
333 617
333 325
333 614
334 850
334 295
334 561
334 887
335 62
335 745
335 365
335 196
336 504
336 107
336 255
336 463
337 510
337 407
337 296
337 428
338 427
338 217
338 578
338 16
339 250
339 395
339 513
339 330
340 235
340 897
340 465
340 851
341 625
341 716
341 229
341 567
342 776
342 97
342 515
342 310
343 40
343 47
343 40
343 628
344 206
344 676
344 996
344 617
345 837
345 548
345 398
345 810
346 476
346 539
346 709
346 549
347 57
347 630
347 376
347 19
348 426
348 51
348 299
348 689
349 52
349 561
349 532
349 695
350 442
350 844
350 32
350 293
351 342
351 806
351 442
351 758
352 217
352 423
352 516
352 905
353 821
353 961
353 799
353 833
354 813
354 208
354 341
354 230
355 485
355 668
355 680
355 151
356 478
356 800
356 669
356 998
357 848
357 18
357 158
357 557
358 234
358 648
358 58
358 164
359 785
359 634
359 506
359 284
360 387
360 812
360 853
360 76
361 924
361 611
361 73
361 951
362 88
362 904
362 221
362 226
363 740
363 892
363 313
363 178
364 584
364 903
364 29
364 902
365 693
365 705
365 815
365 724
366 614
366 260
366 197
366 633
367 580
367 260
367 372
367 462
368 241
368 188
368 435
368 968
369 417
369 830
369 825
369 926
370 964
370 369
370 716
370 376
371 292
371 693
371 408
371 540
372 556
372 542
372 487
372 590
373 303
373 611
373 307
373 717
374 281
374 133
374 355
374 676
375 334
375 19
375 236
375 16
376 131
376 52
376 804
376 563
377 601
377 135
377 913
377 283
378 615
378 909
378 784
378 294
379 625
379 71
379 315
379 66
380 272
380 638
380 675
380 524
381 370
381 171
381 28
381 329
382 767
382 969
382 62
382 864
383 39
383 947
383 165
383 280
384 426
384 739
384 876
384 530
385 322
385 506
385 866
385 714
386 584
386 689
386 916
386 468
387 410
387 39
387 70
387 379
388 802
388 808
388 234
388 701
389 811
389 952
389 919
389 488
390 389
390 80
390 636
390 50
391 73
391 879
391 791
391 311
392 381
392 792
392 25
392 421
393 721
393 950
393 605
393 737
394 120
394 136
394 863
394 412
395 256
395 398
395 936
395 358
396 973
396 417
396 403
396 849
397 70
397 783
397 887
397 873
398 552
398 490
398 78
398 927
399 351
399 61
399 403
399 135
400 237
401 161
401 579
401 204
401 131
402 264
402 7
402 83
402 141
403 589
403 791
403 34
403 30
404 940
404 491
404 520
404 497
405 453
405 245
405 329
405 521
406 921
406 284
406 665
406 231
407 197
407 505
407 432
407 599
408 722
408 968
408 916
408 224
409 285
409 987
409 463
409 709
410 999
410 142
410 694
410 303
411 940
411 920
411 254
411 155
412 757
412 21
412 550
412 261
413 929
413 225
413 894
413 146
414 868
414 731
414 581
414 96
415 473
415 287
415 581
415 770
416 311
416 189
416 298
416 568
417 345
417 789
417 637
417 272
418 704
418 414
418 666
418 41
419 86
419 693
419 213
419 467
420 300
420 324
420 895
420 171
421 626
421 91
421 746
421 250
422 437
422 977
422 839
422 186
423 140
423 191
423 591
423 525
424 613
424 868
424 83
424 144
425 197
425 424
425 292
425 598
426 366
426 623
426 126
426 798
427 519
427 148
427 792
427 482
428 713
428 458
428 891
428 712
429 353
429 443
429 430
429 885
430 877
430 584
430 909
430 788
431 58
431 593
431 79
431 545
432 301
432 604
432 562
432 721
433 64
433 616
433 381
433 788
434 584
434 656
434 477
434 34
435 816
435 941
435 572
435 981
436 63
436 638
436 658
436 433
437 173
437 318
437 111
437 883
438 45
438 471
438 39
438 773
439 303
439 366
439 841
439 739
440 703
440 947
440 165
440 729
441 746
441 594
441 773
441 906
442 561
442 294
442 694
442 410
443 34
443 913
443 543
443 77
444 798
444 382
444 278
444 752
445 87
445 611
445 971
445 938
446 669
446 917
446 843
446 966
447 193
447 187
447 832
447 526
448 787
448 444
448 268
448 194
449 964
449 859
449 760
449 126
450 484
450 302
450 730
450 550
451 426
451 381
451 915
451 355
452 184
452 530
452 766
452 69
453 612
453 843
453 664
453 388
454 127
454 425
454 925
454 264
455 162
455 699
455 749
455 272
456 355
456 66
456 320
456 524
457 708
457 832
457 291
457 808
458 433
458 902
458 991
458 156
459 727
459 686
459 439
459 811
460 936
460 134
460 19
460 300
461 78
461 89
461 835
461 483
462 24
462 655
462 602
462 996
463 303
463 438
463 76
463 98
464 654
464 404
464 726
464 566
465 970
465 550
465 573
465 156
466 962
466 284
466 606
466 186
467 246
467 79
467 942
467 935
468 419
468 166
468 400
468 422
469 765
469 248
469 155
469 61
470 614
470 649
470 18
470 889
471 110
471 960
471 179
471 574
472 616
472 427
472 124
472 536
473 747
473 286
473 512
473 668
474 369
474 804
474 679
474 518
475 728
475 788
475 623
475 768
476 108
476 676
476 184
476 903
477 962
477 280
477 559
477 87
478 362
478 293
478 905
478 811
479 566
479 215
479 453
479 708
480 131
480 779
480 612
480 475
481 814
481 274
481 956
481 283
482 484
482 493
482 392
482 266
483 407
483 970
483 191
483 986
484 13
484 527
484 907
484 837
485 672
485 350
485 509
485 324
486 716
486 630
486 453
486 563
487 318
487 620
487 626
487 484
488 97
488 903
488 456
488 739
489 80
489 968
489 839
489 705
490 740
490 770
490 683
490 815
491 481
491 373
491 400
491 966
492 840
492 905
492 787
492 164
493 87
493 122
493 225
493 408
494 847
494 910
494 914
494 70
495 553
495 786
495 267
495 140
496 72
496 140
496 354
496 306
497 744
497 651
497 840
497 995
498 746
498 362
498 251
498 572
499 179
499 242
499 277
499 6
500 35
501 674
501 96
501 22
501 85
502 291
502 676
502 964
502 357
503 11
503 246
503 688
503 586
504 577
504 999
504 550
504 712
505 985
505 879
505 746
505 991
506 912
506 685
506 673
506 847
507 865
507 220
507 633
507 511
508 371
508 391
508 167
508 789
509 803
509 728
509 372
509 782
510 264
510 766
510 520
510 921
511 584
511 885
511 41
511 114
512 565
512 558
512 738
512 644
513 812
513 498
513 402
513 622
514 430
514 82
514 324
514 664
515 52
515 834
515 712
515 776
516 351
516 607
516 635
516 867
517 494
517 895
517 312
517 845
518 51
518 494
518 714
518 224
519 595
519 740
519 876
519 888
520 345
520 363
520 596
520 444
521 156
521 117
521 279
521 98
522 435
522 846
522 413
522 760
523 120
523 46
523 881
523 586
524 15
524 948
524 522
524 96
525 364
525 809
525 342
525 99
526 567
526 124
526 55
526 671
527 543
527 443
527 892
527 154
528 519
528 544
528 973
528 706
529 237
529 988
529 53
529 723
530 330
530 892
530 441
530 4
531 613
531 616
531 684
531 299
532 536
532 904
532 353
532 488
533 323
533 706
533 385
533 464
534 279
534 741
534 386
534 423
535 203
535 360
535 753
535 800
536 229
536 195
536 552
536 42
537 325
537 341
537 598
537 351
538 4
538 287
538 370
538 834
539 760
539 650
539 406
539 345
540 77
540 922
540 958
540 859
541 479
541 367
541 464
541 749
542 561
542 455
542 672
542 757
543 751
543 222
543 883
543 969
544 690
544 431
544 55
544 188
545 715
545 624
545 565
545 28
546 343
546 534
546 488
546 361
547 150
547 841
547 24
547 996
548 681
548 666
548 572
548 896
549 93
549 574
549 672
549 441
550 391
550 611
550 376
550 828
551 586
551 772
551 507
551 363
552 590
552 393
552 359
552 735
553 428
553 144
553 496
553 33
554 461
554 53
554 530
554 130
555 513
555 972
555 602
555 684
556 133
556 267
556 948
556 464
557 719
557 657
557 641
557 145
558 288
558 411
558 267
558 787
559 506
559 28
559 375
559 302
560 159
560 66
560 3
560 309
561 962
561 195
561 606
561 70
562 943
562 281
562 743
562 838
563 107
563 575
563 156
563 724
564 265
564 436
564 664
564 245
565 842
565 308
565 431
565 25
566 332
566 363
566 446
566 486
567 959
567 67
567 837
567 193
568 213
568 737
568 185
568 794
569 568
569 142
569 262
569 181
570 311
570 242
570 982
570 797
571 904
571 131
571 601
571 894
572 626
572 632
572 40
572 728
573 782
573 941
573 963
573 938
574 944
574 160
574 735
574 779
575 395
575 640
575 949
575 5
576 694
576 565
576 856
576 951
577 23
577 56
577 921
577 441
578 386
578 762
578 805
578 733
579 850
579 365
579 566
579 154
580 390
580 949
580 993
580 122
581 395
581 482
581 440
581 606
582 769
582 274
582 344
582 600
583 129
583 324
583 963
583 486
584 826
584 116
584 399
584 636
585 756
585 587
585 991
585 371
586 408
586 422
586 388
586 700
587 615
587 432
587 477
587 629
588 730
588 360
588 256
588 512
589 146
589 99
589 51
589 790
590 526
590 912
590 345
590 220
591 614
591 547
591 137
591 440
592 137
592 644
592 232
592 162
593 678
593 653
593 560
593 387
594 411
594 490
594 491
594 350
595 294
595 692
595 444
595 305
596 834
596 74
596 763
596 812
597 262
597 603
597 523
597 152
598 813
598 865
598 346
598 340
599 380
599 863
599 14
599 70
600 96
601 218
601 210
601 266
601 722
602 260
602 799
602 880
602 952
603 642
603 880
603 467
603 644
604 367
604 721
604 675
604 744
605 774
605 506
605 545
605 20
606 833
606 198
606 26
606 981
607 47
607 204
607 474
607 684
608 758
608 725
608 617
608 26
609 912
609 244
609 438
609 992
610 279
610 976
610 273
610 166
611 326
611 177
611 556
611 601
612 937
612 62
612 337
612 570
613 757
613 494
613 369
613 149
614 926
614 394
614 988
614 597
615 196
615 919
615 537
615 324
616 675
616 762
616 153
616 338
617 764
617 691
617 918
617 604
618 756
618 89
618 925
618 24
619 925
619 457
619 415
619 725
620 536
620 13
620 883
620 944
621 510
621 355
621 629
621 899
622 201
622 308
622 471
622 290
623 829
623 380
623 284
623 238
624 925
624 333
624 629
624 874
625 694
625 987
625 477
625 400
626 157
626 402
626 474
626 759
627 368
627 420
627 119
627 81
628 240
628 906
628 9
628 39
629 955
629 388
629 193
629 97
630 383
630 742
630 454
630 254
631 994
631 283
631 739
631 314
632 670
632 504
632 522
632 533
633 781
633 777
633 810
633 860
634 491
634 990
634 258
634 691
635 505
635 471
635 56
635 737
636 559
636 66
636 318
636 171
637 918
637 872
637 786
637 254
638 277
638 310
638 951
638 977
639 151
639 611
639 711
639 465
640 306
640 920
640 618
640 290
641 47
641 239
641 713
641 801
642 149
642 780
642 416
642 137
643 787
643 935
643 99
643 778
644 710
644 653
644 438
644 919
645 347
645 99
645 910
645 105
646 479
646 938
646 115
646 415
647 748
647 576
647 123
647 640
648 831
648 821
648 244
648 548
649 115
649 759
649 47
649 388
650 938
650 14
650 150
650 320
651 403
651 29
651 40
651 545
652 65
652 883
652 250
652 318
653 738
653 338
653 106
653 933
654 790
654 189
654 347
654 556
655 366
655 275
655 594
655 865
656 57
656 406
656 769
656 891
657 984
657 900
657 440
657 125
658 575
658 328
658 970
658 592
659 150
659 804
659 521
659 325
660 527
660 727
660 649
660 69
661 212
661 398
661 377
661 927
662 984
662 304
662 393
662 31
663 198
663 81
663 702
663 228
664 54
664 27
664 379
664 888
665 217
665 815
665 336
665 306
666 293
666 456
666 11
666 660
667 527
667 727
667 746
667 655
668 364
668 523
668 63
668 998
669 463
669 141
669 959
669 986
670 829
670 323
670 212
670 685
671 793
671 619
671 326
671 119
672 827
672 483
672 927
672 309
673 474
673 229
673 13
673 573
674 812
674 683
674 292
674 277
675 608
675 401
675 393
675 945
676 828
676 252
676 210
676 275
677 287
677 717
677 255
677 514
678 250
678 525
678 968
678 892
679 797
679 501
679 426
679 965
680 311
680 555
680 472
680 593
681 117
681 632
681 521
681 17
682 744
682 624
682 775
682 481
683 625
683 1000
683 697
683 388
684 379
684 610
684 423
684 432
685 76
685 869
685 923
685 959
686 154
686 908
686 403
686 886
687 668
687 125
687 367
687 707
688 407
688 286
688 837
688 855
689 771
689 732
689 876
689 828
690 858
690 891
690 942
690 79
691 226
691 834
691 316
691 719
692 932
692 985
692 598
692 878
693 401
693 811
693 610
693 765
694 653
694 767
694 902
694 374
695 820
695 553
695 981
695 517
696 17
696 38
696 861
696 50
697 845
697 504
697 342
697 563
698 427
698 725
698 947
698 845
699 514
699 416
699 62
699 798
700 569
701 357
701 459
701 707
701 295
702 659
702 64
702 30
702 361
703 108
703 60
703 889
703 868
704 9
704 596
704 691
704 712
705 670
705 944
705 131
705 988
706 57
706 745
706 806
706 138
707 436
707 674
707 108
707 513
708 269
708 744
708 161
708 698
709 344
709 954
709 682
709 528
710 974
710 573
710 663
710 413
711 759
711 875
711 907
711 873
712 902
712 173
712 892
712 945
713 666
713 138
713 582
713 664
714 946
714 481
714 818
714 514
715 783
715 704
715 814
715 914
716 588
716 978
716 961
716 534
717 758
717 687
717 681
717 587
718 519
718 800
718 55
718 861
719 666
719 185
719 455
719 756
720 957
720 795
720 21
720 636
721 7
721 874
721 103
721 247
722 195
722 465
722 983
722 704
723 919
723 643
723 232
723 692
724 105
724 461
724 12
724 71
725 582
725 678
725 627
725 369
726 173
726 198
726 672
726 709
727 901
727 699
727 999
727 804
728 234
728 142
728 23
728 310
729 58
729 781
729 319
729 915
730 195
730 741
730 396
730 885
731 288
731 59
731 887
731 51
732 266
732 662
732 889
732 252
733 180
733 347
733 107
733 118
734 269
734 852
734 416
734 60
735 327
735 597
735 585
735 725
736 7
736 502
736 557
736 492
737 420
737 726
737 285
737 797
738 778
738 330
738 429
738 774
739 449
739 202
739 971
739 145
740 167
740 741
740 791
740 806
741 186
741 77
741 166
741 219
742 1
742 588
742 691
742 377
743 221
743 43
743 659
743 949
744 947
744 729
744 153
744 509
745 409
745 343
745 410
745 465
746 708
746 182
746 895
746 940
747 781
747 692
747 406
747 203
748 240
748 320
748 270
748 56
749 647
749 857
749 124
749 944
750 136
750 871
750 353
750 200
751 194
751 554
751 294
751 963
752 680
752 526
752 132
752 286
753 281
753 473
753 909
753 442
754 489
754 56
754 745
754 456
755 65
755 893
755 960
755 80
756 671
756 17
756 153
756 797
757 451
757 920
757 791
757 614
758 419
758 535
758 819
758 246
759 972
759 980
759 265
759 451
760 995
760 821
760 273
760 378
761 270
761 438
761 232
761 691
762 383
762 174
762 33
762 930
763 268
763 18
763 180
763 632
764 918
764 799
764 578
764 846
765 533
765 243
765 1
765 76
766 46
766 673
766 701
766 464
767 976
767 780
767 190
767 158
768 825
768 237
768 625
768 833
769 614
769 798
769 877
769 600
770 922
770 379
770 71
770 613
771 561
771 349
771 244
771 839
772 244
772 993
772 394
772 915
773 881
773 761
773 713
773 688
774 411
774 479
774 452
774 856
775 192
775 922
775 906
775 995
776 652
776 385
776 738
776 14
777 94
777 631
777 139
777 428
778 35
778 43
778 238
778 4
779 690
779 542
779 113
779 669
780 888
780 500
780 405
780 480
781 646
781 270
781 962
781 384
782 11
782 739
782 160
782 984
783 628
783 831
783 971
783 23
784 903
784 869
784 485
784 217
785 818
785 595
785 607
785 160
786 349
786 221
786 627
786 673
787 612
787 941
787 932
787 638
788 929
788 80
788 682
788 931
789 542
789 535
789 499
789 89
790 641
790 894
790 105
790 180
791 723
791 762
791 510
791 395
792 379
792 306
792 166
792 662
793 378
793 444
793 110
793 331
794 390
794 478
794 852
794 746
795 173
795 868
795 722
795 727
796 229
796 912
796 827
796 462
797 948
797 997
797 830
797 557
798 827
798 200
798 17
798 118
799 361
799 516
799 689
799 134
800 962
801 684
801 820
801 717
801 222
802 345
802 179
802 484
802 94
803 354
803 978
803 259
803 202
804 539
804 409
804 184
804 720
805 350
805 982
805 470
805 409
806 409
806 437
806 400
806 682
807 155
807 169
807 953
807 33
808 347
808 508
808 982
808 342
809 474
809 317
809 464
809 655
810 803
810 223
810 231
810 253
811 298
811 723
811 529
811 257
812 294
812 388
812 620
812 462
813 285
813 289
813 583
813 850
814 135
814 302
814 475
814 445
815 227
815 689
815 489
815 328
816 343
816 397
816 417
816 744
817 305
817 742
817 57
817 195
818 138
818 489
818 844
818 662
819 809
819 178
819 562
819 255
820 419
820 786
820 758
820 992
821 518
821 574
821 220
821 425
822 234
822 241
822 954
822 1
823 190
823 20
823 276
823 371
824 397
824 708
824 821
824 103
825 859
825 959
825 302
825 303
826 732
826 267
826 659
826 672
827 183
827 663
827 457
827 177
828 371
828 278
828 668
828 457
829 873
829 605
829 709
829 218
830 745
830 994
830 912
830 732
831 805
831 503
831 391
831 241
832 917
832 359
832 169
832 751
833 332
833 32
833 126
833 847
834 665
834 837
834 523
834 796
835 91
835 454
835 166
835 943
836 509
836 599
836 880
836 670
837 50
837 785
837 711
837 208
838 670
838 472
838 322
838 18
839 327
839 68
839 689
839 814
840 546
840 974
840 766
840 621
841 363
841 922
841 543
841 50
842 484
842 960
842 808
842 434
843 163
843 466
843 442
843 445
844 247
844 146
844 967
844 236
845 795
845 698
845 503
845 531
846 64
846 282
846 161
846 90
847 1
847 446
847 18
847 545
848 855
848 630
848 337
848 134
849 106
849 753
849 371
849 639
850 295
850 737
850 275
850 70
851 674
851 867
851 330
851 316
852 642
852 465
852 105
852 450
853 185
853 693
853 131
853 490
854 386
854 823
854 676
854 924
855 917
855 191
855 694
855 453
856 160
856 911
856 848
856 670
857 342
857 223
857 777
857 337
858 137
858 505
858 768
858 531
859 192
859 480
859 110
859 909
860 113
860 406
860 518
860 767
861 609
861 683
861 808
861 924
862 392
862 130
862 707
862 45
863 52
863 378
863 112
863 507
864 678
864 363
864 344
864 74
865 36
865 656
865 27
865 566
866 877
866 472
866 168
866 630
867 542
867 395
867 507
867 976
868 854
868 485
868 673
868 501
869 740
869 387
869 272
869 791
870 489
870 545
870 166
870 335
871 608
871 853
871 345
871 164
872 584
872 169
872 860
872 834
873 192
873 177
873 741
873 252
874 448
874 69
874 432
874 745
875 983
875 249
875 456
875 333
876 710
876 940
876 531
876 413
877 1000
877 466
877 900
877 413
878 10
878 483
878 149
878 540
879 209
879 266
879 297
879 980
880 402
880 810
880 798
880 140
881 784
881 118
881 671
881 150
882 615
882 515
882 497
882 206
883 123
883 752
883 165
883 332
884 451
884 360
884 629
884 763
885 807
885 892
885 139
885 15
886 574
886 533
886 209
886 790
887 463
887 883
887 91
887 960
888 641
888 491
888 938
888 843
889 543
889 505
889 531
889 316
890 329
890 304
890 596
890 560
891 529
891 754
891 746
891 619
892 637
892 150
892 802
892 179
893 201
893 204
893 49
893 636
894 42
894 587
894 823
894 994
895 681
895 213
895 846
895 621
896 749
896 350
896 420
896 445
897 662
897 520
897 822
897 545
898 882
898 381
898 87
898 165
899 100
899 149
899 573
899 42
900 852
901 55
901 597
901 775
901 768
902 139
902 564
902 307
902 830
903 21
903 44
903 182
903 859
904 706
904 415
904 895
904 94
905 652
905 581
905 120
905 761
906 974
906 997
906 308
906 637
907 38
907 803
907 188
907 677
908 9
908 32
908 120
908 199
909 237
909 955
909 467
909 621
910 373
910 556
910 809
910 911
911 46
911 671
911 276
911 921
912 982
912 918
912 538
912 470
913 858
913 153
913 796
913 970
914 362
914 696
914 452
914 302
915 177
915 788
915 27
915 642
916 319
916 791
916 942
916 58
917 444
917 54
917 196
917 546
918 859
918 247
918 38
918 589
919 997
919 769
919 63
919 210
920 611
920 689
920 676
920 554
921 465
921 208
921 898
921 470
922 360
922 879
922 157
922 100
923 571
923 498
923 861
923 32
924 661
924 243
924 974
924 754
925 290
925 99
925 631
925 906
926 468
926 960
926 885
926 485
927 148
927 69
927 777
927 926
928 930
928 620
928 544
928 755
929 811
929 520
929 414
929 235
930 870
930 515
930 362
930 324
931 85
931 18
931 795
931 961
932 794
932 317
932 261
932 639
933 932
933 208
933 30
933 706
934 577
934 384
934 25
934 690
935 136
935 248
935 733
935 729
936 104
936 139
936 230
936 157
937 939
937 532
937 725
937 858
938 642
938 494
938 56
938 140
939 299
939 211
939 855
939 430
940 210
940 334
940 915
940 185
941 315
941 320
941 42
941 733
942 195
942 603
942 855
942 622
943 988
943 898
943 88
943 314
944 365
944 855
944 351
944 12
945 439
945 673
945 516
945 224
946 666
946 212
946 370
946 974
947 298
947 118
947 394
947 218
948 496
948 524
948 220
948 232
949 777
949 647
949 247
949 846
950 750
950 409
950 310
950 790
951 46
951 878
951 483
951 65
952 103
952 965
952 276
952 67
953 549
953 972
953 617
953 482
954 582
954 832
954 323
954 204
955 592
955 656
955 897
955 996
956 933
956 723
956 768
956 978
957 956
957 621
957 8
957 492
958 419
958 778
958 100
958 951
959 162
959 354
959 75
959 892
960 108
960 188
960 886
960 612
961 853
961 552
961 758
961 816
962 14
962 333
962 196
962 348
963 382
963 73
963 884
963 339
964 480
964 21
964 707
964 468
965 218
965 33
965 116
965 579
966 109
966 143
966 539
966 908
967 997
967 804
967 239
967 534
968 926
968 468
968 851
968 775
969 684
969 552
969 931
969 174
970 901
970 1000
970 458
970 909
971 434
971 787
971 618
971 89
972 476
972 796
972 370
972 397
973 784
973 109
973 129
973 115
974 973
974 268
974 831
974 90
975 321
975 442
975 430
975 986
976 91
976 79
976 959
976 763
977 343
977 248
977 101
977 968
978 67
978 554
978 700
978 775
979 119
979 519
979 912
979 308
980 577
980 822
980 236
980 362
981 263
981 646
981 934
981 359
982 24
982 442
982 564
982 363
983 393
983 223
983 344
983 69
984 355
984 116
984 94
984 705
985 964
985 389
985 403
985 144
986 747
986 65
986 249
986 261
987 437
987 398
987 643
987 718
988 229
988 755
988 379
988 691
989 457
989 843
989 214
989 685
990 161
990 789
990 60
990 988
991 604
991 424
991 850
991 749
992 752
992 890
992 642
992 262
993 312
993 685
993 759
993 122
994 962
994 501
994 817
994 231
995 1
995 634
995 193
995 202
996 597
996 207
996 847
996 609
997 895
997 31
997 182
997 816
998 923
998 595
998 979
998 837
999 628
999 848
999 541
999 952
1000 514
