100_371
1 58
1 80
1 81
1 52
2 30
3 54
3 13
3 59
3 70
4 78
4 55
4 31
4 12
5 3
5 78
5 42
5 87
6 92
6 54
6 85
6 41
7 81
7 9
7 63
7 87
8 18
8 63
8 60
8 4
9 38
9 33
9 97
9 98
10 17
11 6
11 13
11 66
11 81
12 11
12 37
12 11
12 22
13 91
13 45
13 54
13 52
14 96
14 86
14 37
14 53
15 36
15 19
15 8
15 41
16 15
16 47
16 4
16 67
17 28
17 63
17 92
17 45
18 69
18 20
18 64
18 16
19 37
19 33
19 26
19 77
20 28
21 71
21 89
21 34
21 59
22 32
22 29
22 90
22 25
23 64
23 18
23 35
23 42
24 65
24 31
24 46
24 86
25 72
25 5
25 35
25 5
26 14
26 79
26 39
26 7
27 58
27 24
27 2
27 70
28 56
28 8
28 38
28 56
29 66
29 72
29 48
29 35
30 35
31 90
31 78
31 95
31 24
32 27
32 22
32 50
32 42
33 16
33 21
33 68
33 86
34 58
34 25
34 47
34 44
35 72
35 90
35 75
35 3
36 48
36 65
36 97
36 29
37 20
37 24
37 19
37 95
38 57
38 70
38 21
38 57
39 53
39 37
39 36
39 8
40 84
41 57
41 26
41 96
41 19
42 36
42 72
42 40
42 29
43 40
43 68
43 67
43 6
44 3
44 73
44 86
44 50
45 46
45 96
45 95
45 34
46 35
46 94
46 20
46 88
47 92
47 57
47 96
47 56
48 6
48 69
48 32
48 9
49 64
49 50
49 26
49 51
50 51
51 56
51 47
51 42
51 40
52 51
52 30
52 86
52 34
53 95
53 99
53 12
53 3
54 82
54 55
54 67
54 39
55 99
55 81
55 70
55 36
56 13
56 65
56 22
56 33
57 69
57 38
57 62
57 97
58 41
58 6
58 62
58 70
59 25
59 6
59 83
59 7
60 59
61 74
61 85
61 71
61 37
62 76
62 35
62 94
62 48
63 5
63 83
63 19
63 14
64 4
64 90
64 7
64 39
65 85
65 78
65 61
65 13
66 40
66 85
66 64
66 56
67 87
67 24
67 96
67 27
68 92
68 13
68 65
68 7
69 29
69 5
69 4
69 48
70 24
71 48
71 11
71 17
71 88
72 86
72 27
72 5
72 14
73 20
73 17
73 75
73 37
74 79
74 87
74 67
74 22
75 50
75 74
75 62
75 64
76 82
76 88
76 52
76 2
77 5
77 55
77 60
77 64
78 70
78 45
78 91
78 44
79 61
79 23
79 84
79 46
80 39
81 51
81 65
81 9
81 11
82 1
82 20
82 31
82 45
83 41
83 25
83 49
83 47
84 30
84 100
84 42
84 76
85 97
85 3
85 51
85 28
86 18
86 89
86 48
86 1
87 41
87 15
87 26
87 25
88 61
88 65
88 76
88 54
89 58
89 80
89 45
89 43
90 82
91 8
91 80
91 90
91 44
92 60
92 72
92 60
92 62
93 29
93 26
93 49
93 53
94 76
94 73
94 88
94 12
95 44
95 51
95 3
95 89
96 60
96 95
96 88
96 40
97 13
97 99
97 56
97 19
98 7
98 42
98 43
98 45
99 23
99 46
99 97
99 55
100 93
